1.119102158984134298e-08
1.121969647617488035e-08
1.123241334413400187e-08
1.122989619674270202e-08
1.122449970971821639e-08
1.121441071160341394e-08
1.120452567621331250e-08
1.119583219170331319e-08
1.118675095699006532e-08
1.117851775637172892e-08
1.117008631079236225e-08
1.116149136029469958e-08
1.115298211797126140e-08
1.114362856680488414e-08
1.113738055630057396e-08
1.113035797822170201e-08
1.112465982155395716e-08
1.112077891589771798e-08
1.111574767465608837e-08
1.111258469116630823e-08
1.111023508352765306e-08
1.110943852956863763e-08
1.110910210931467065e-08
1.111019665855261794e-08
1.111263621152834653e-08
1.111672222135608322e-08
1.112505835083651776e-08
1.113443191305867321e-08
1.114624224329919810e-08
1.116211320778560820e-08
1.118114745397782307e-08
1.120110873269181770e-08
1.122396192096099781e-08
1.125214059598704138e-08
1.128313189430320534e-08
1.131954081582992808e-08
1.136261787873537801e-08
1.140713711673046560e-08
1.145987747534817516e-08
1.151381155631485566e-08
1.157285001742901542e-08
1.163352370277032765e-08
1.169967378411855158e-08
1.177265874623684125e-08
1.184706202860685867e-08
1.192652870110487690e-08
1.200841461151458462e-08
1.209430196112747193e-08
1.218968324479820300e-08
1.228870546175419478e-08
1.238379402964362108e-08
1.248173369693428172e-08
1.257698305815071626e-08
1.267448590695695712e-08
1.277802371426790400e-08
1.288271094627974854e-08
1.297904674621926427e-08
1.308933190905217215e-08
1.320509609666122673e-08
1.331023060697960819e-08
1.341268209586019461e-08
1.351815955421894149e-08
1.361347343899308850e-08
1.371618550424463904e-08
1.381225137057880583e-08
1.390658570250636752e-08
1.400449300548991420e-08
1.410109292545320756e-08
1.420440227202299991e-08
1.430084489207753243e-08
1.439045311667350507e-08
1.447892011687687123e-08
1.456480973160733613e-08
1.464214719017906520e-08
1.472371940915614318e-08
1.480342592387790217e-08
1.488618661371272062e-08
1.496837664440834563e-08
1.504780810675420120e-08
1.511923572564182999e-08
1.518876716039378805e-08
1.525167840920853845e-08
1.531636418463375686e-08
1.537471732249225308e-08
1.543082191935200505e-08
1.548847052032524598e-08
1.554605158873854041e-08
1.560913042023586151e-08
1.566124535281998282e-08
1.571719189768292914e-08
1.576044102619157407e-08
1.581006238145604731e-08
1.585534427755667185e-08
1.589394684218311047e-08
1.593704523503634017e-08
1.597576878971859432e-08
1.601604272603682135e-08
1.605974618291068814e-08
1.609641038758482216e-08
1.612153684987573676e-08
1.615640965949857281e-08
1.618154496827555171e-08
1.620875934327021898e-08
1.623314197652116928e-08
1.625977212089096567e-08
1.628162118396109845e-08
1.630345577923039166e-08
1.633418759890093782e-08
1.635374837037158947e-08
1.637325939212721628e-08
1.639326060097089197e-08
1.640232312094818919e-08
1.642008502016610557e-08
1.643941802471541231e-08
1.644854947612731366e-08
1.646184839602027534e-08
1.646498370000291032e-08
1.647296430523770255e-08
1.649178075560134464e-08
1.649283162866327740e-08
1.650040073736328756e-08
1.649623447201377459e-08
1.650420950333129028e-08
1.650515967589937901e-08
1.651354530015558654e-08
1.652557449842623618e-08
1.654157743839337417e-08
1.653952346981697670e-08
1.653808624203414230e-08
1.653736118652534076e-08
1.653790054506274039e-08
1.653473504501899421e-08
1.652251762016503895e-08
1.651819780767468059e-08
1.650468134155173447e-08
1.649896057156284912e-08
1.650712152215027970e-08
1.650452123308752970e-08
1.649650611124621044e-08
1.648332894070133276e-08
1.646822456871114002e-08
1.645917112937481670e-08
1.644692316988980875e-08
1.643318976091120289e-08
1.643253252345026647e-08
1.644027152519843195e-08
1.642452560565286048e-08
1.641735651320023774e-08
1.641404933906058168e-08
1.639205238148671418e-08
1.637583357884348314e-08
1.636671454367443181e-08
1.634787324214856905e-08
1.632900276725539146e-08
1.630223586359067597e-08
1.629397440230606900e-08
1.628820575408854721e-08
1.627171270837440411e-08
1.625536822087807560e-08
1.623892245611100849e-08
1.622088636827674370e-08
1.620921655857068150e-08
1.618895728180700105e-08
1.616878927356843091e-08
1.615723120081826156e-08
1.614730432134313749e-08
1.611969472184310205e-08
1.609998981211060441e-08
1.608658552377014558e-08
1.606202967742260119e-08
1.604112191155919260e-08
1.601496696256322248e-08
1.599135969362953922e-08
1.598330060665911970e-08
1.596906851641347284e-08
1.595126786417288139e-08
1.593757291552268412e-08
1.591517307161739285e-08
1.588543431320637269e-08
1.586845814070620215e-08
1.584959412175063576e-08
1.582810696115153752e-08
1.579535550677624636e-08
1.576953616351160666e-08
1.576255329142960663e-08
1.576061995982080614e-08
1.572888417575064207e-08
1.571654633062135643e-08
1.569520042521608178e-08
1.567354986779259032e-08
1.565201508078857805e-08
1.562078806016735087e-08
1.560562672775869180e-08
1.559490012791778699e-08
1.556689543648252243e-08
1.554588622709391301e-08
1.553428454622074666e-08
1.551565958471122946e-08
1.549471190075459048e-08
1.547725986437557303e-08
1.545589081277024044e-08
1.542744104972914359e-08
1.540555849024710945e-08
1.539422842998340338e-08
1.537002881048934226e-08
1.534287111375217290e-08
1.531074856446626627e-08
1.528488000279167403e-08
1.526342546470487897e-08
1.523139578782359332e-08
1.521361479324477931e-08
1.521073981503029471e-08
1.518858478408297165e-08
1.516112036417194023e-08
1.513558381992722798e-08
1.510100245215244206e-08
1.507516790599066690e-08
1.505395330525957201e-08
1.502978361509345885e-08
1.500028814641038722e-08
1.497331817071970221e-08
1.495785131110306793e-08
1.495404237320121730e-08
1.493503458299540546e-08
1.491194067724257464e-08
1.489001095363678957e-08
1.486319679729447454e-08
1.484626846914154810e-08
1.481792841796499747e-08
1.478899613188751287e-08
1.477240909861599406e-08
1.476332087973721262e-08
1.475130534160194768e-08
1.473089286410043946e-08
1.471511576800744342e-08
1.469138630686583538e-08
1.466910038378506410e-08
1.464211525754214931e-08
1.461196209465456192e-08
1.459870772894402077e-08
1.458542756105650904e-08
1.456362755356339661e-08
1.453494124463208694e-08
1.450597879932342997e-08
1.446769305961876372e-08
1.443572716426808561e-08
1.440744986262224166e-08
1.437652772954523079e-08
1.434141035117017283e-08
1.431940009212346464e-08
1.430490967331632874e-08
1.427987200496924787e-08
1.424501065434333888e-08
1.421869025827291405e-08
1.419503055762954475e-08
1.416864913544022247e-08
1.413869619148890957e-08
1.410626067735993869e-08
1.407848806487826570e-08
1.405207616027001077e-08
1.403350060494554555e-08
1.401949287492619484e-08
1.399914838175429603e-08
1.397400063857451085e-08
1.394837010395028117e-08
1.393103447098447302e-08
1.390649475924265507e-08
1.387763616248266424e-08
1.385704775431306772e-08
1.384873535441544012e-08
1.383496197251730525e-08
1.381111763989898222e-08
1.379050712086109064e-08
1.376753848653699337e-08
1.374254600102822049e-08
1.372416531125486501e-08
1.370208351910137483e-08
1.367712487978821637e-08
1.367328811629392474e-08
1.366116128867699343e-08
1.363936571000427770e-08
1.361964614128756574e-08
1.359679146867353925e-08
1.357306616319335764e-08
1.354888012020757991e-08
1.352558537328126055e-08
1.349875529704596968e-08
1.346842450681976655e-08
1.345541041166070935e-08
1.344861648038296050e-08
1.343165691772451407e-08
1.340617384631255727e-08
1.339197273173387726e-08
1.337249557557948399e-08
1.335322711596260898e-08
1.333150742450726714e-08
1.330573829293791851e-08
1.328998858172498282e-08
1.327687670191159035e-08
1.325179480841125149e-08
1.323597546408547283e-08
1.321132165319307344e-08
1.318726883082109262e-08
1.316575248264809904e-08
1.314664476447508694e-08
1.312307810259516786e-08
1.311147852006261666e-08
1.310634609986564553e-08
1.308345347792441331e-08
1.306288730336724851e-08
1.303801008676257962e-08
1.300761004458089200e-08
1.298974904764321463e-08
1.296745981524029877e-08
1.294728531405565151e-08
1.292668740328403127e-08
1.290914431046077053e-08
1.289942092114336551e-08
1.289299051624369508e-08
1.287275550473243297e-08
1.285014830920356243e-08
1.283935927373453938e-08
1.281773670622096050e-08
1.279617595572639923e-08
1.277213110270804598e-08
1.275828936942085702e-08
1.275502095442145735e-08
1.274327570093749728e-08
1.273494797805502360e-08
1.272112466175657685e-08
1.270626872093412089e-08
1.268679893587914118e-08
1.266508776676825657e-08
1.264811742280891101e-08
1.262574716139333396e-08
1.261575329452599272e-08
1.261299200156134240e-08
1.259976981802248520e-08
1.257938315823270883e-08
1.255845633353018358e-08
1.254097842511923288e-08
1.252193586292120451e-08
1.250404706357852042e-08
1.247761225594473922e-08
1.246105728879134530e-08
1.244691605245012495e-08
1.243398288466731916e-08
1.241296137482334124e-08
1.239421353641042616e-08
1.237059023893166792e-08
1.234873220876369497e-08
1.233278886366423626e-08
1.231419871523233818e-08
1.228993576879496435e-08
1.227125324369324248e-08
1.225905164943037684e-08
1.225751410476445306e-08
1.224095163892670738e-08
1.222515382763862023e-08
1.220565240326013414e-08
1.218297849231185457e-08
1.216534526095616284e-08
1.214553887861628792e-08
1.212977770209739126e-08
1.212765083186112677e-08
1.212407065882789989e-08
1.211010800641322750e-08
1.210182711987400443e-08
1.208811269633406123e-08
1.207676948412880008e-08
1.206139631731414774e-08
1.204864804234705438e-08
1.203575270680475660e-08
1.202381078414224943e-08
1.200873996386288286e-08
1.201248044945242174e-08
1.200476286814959860e-08
1.199431235017878769e-08
1.198306694630986738e-08
1.196502230685098323e-08
1.194829436150425678e-08
1.193220685884601952e-08
1.191885769771253461e-08
1.193091976780793250e-08
1.192091058625016972e-08
1.191279375009334250e-08
1.189225110227265939e-08
1.188172658330851001e-08
1.187065053838307333e-08
1.184857759020493757e-08
1.182787493138361618e-08
1.181345724079086984e-08
1.180092313255589784e-08
1.177581187701363210e-08
1.176056632381739117e-08
1.174114487792467423e-08
1.171303379842679967e-08
1.169554852380851390e-08
1.166093007461614497e-08
1.163003438034830950e-08
1.161077434264836671e-08
1.159255598391233373e-08
1.156303776427784246e-08
1.153357303651543530e-08
1.151044539263080827e-08
1.147369360079114430e-08
1.145427882265983109e-08
1.142778673071205610e-08
1.140037220561848273e-08
1.136901507404898071e-08
1.133912769857304975e-08
1.131618511226988402e-08
1.130053558568970156e-08
1.127012125509427198e-08
1.124994239426279404e-08
1.122612341990808042e-08
1.119804404886959357e-08
1.116866944277538994e-08
1.113253670836471411e-08
1.110966419380912425e-08
1.109177932653252964e-08
1.106345853778693729e-08
1.103465166175682377e-08
1.101695994584331481e-08
1.098923744523993499e-08
1.097076123052643487e-08
1.095168654744674945e-08
1.093330961287608412e-08
1.093095561414433467e-08
1.091027443485844769e-08
1.090135702807735793e-08
1.089790487756385797e-08
1.089127849738325961e-08
1.087454537185400385e-08
1.086534326078277350e-08
1.084887235275198845e-08
1.082170740993237643e-08
1.079667686051900709e-08
1.077817276317326346e-08
1.076240732481634133e-08
1.074599464900026275e-08
1.074893501081171213e-08
1.075037300512531540e-08
1.074248338795246816e-08
1.072831472801221129e-08
1.071203227763636045e-08
1.069867017757678743e-08
1.067998037389930579e-08
1.066319429038568469e-08
1.065587712783004019e-08
1.064358567278227658e-08
1.062361776358407197e-08
1.061371956320794097e-08
1.059837545033166278e-08
1.058416093011291200e-08
1.057572631638105668e-08
1.056530554743371477e-08
1.055251463732460712e-08
1.053974435057057676e-08
1.053231991480531272e-08
1.053197216443387139e-08
1.051822966097113125e-08
1.050412953435344699e-08
1.049459762338132355e-08
1.048408069065351986e-08
1.047757134863485199e-08
1.047058551553142788e-08
1.046545668148068479e-08
1.045218281130199396e-08
1.043742238063718424e-08
1.042716494520960696e-08
1.042914789199015977e-08
1.040945913836111951e-08
1.039778670593532004e-08
1.038144839801683062e-08
1.035795963541852010e-08
1.034327734625607329e-08
1.033829546818793353e-08
1.034506536296560725e-08
1.034327513144956113e-08
1.033164410806393747e-08
1.032383638521153378e-08
1.030809247126631318e-08
1.029028721343698530e-08
1.026595439857269598e-08
1.025577582817164315e-08
1.023250122448777994e-08
1.021183681478271345e-08
1.020672147450228888e-08
1.020515903419746015e-08
1.018981933869715603e-08
1.017776468433803455e-08
1.015911084250295269e-08
1.013305350329594349e-08
1.011767645397861659e-08
1.009322626012051172e-08
1.006970415541981079e-08
1.004855282008930134e-08
1.002850195648757016e-08
1.002290268785056165e-08
9.993904216290629905e-09
9.969784479041956497e-09
9.936654128094726773e-09
9.909650163915916745e-09
9.880157492370867260e-09
9.840077622704824713e-09
9.790412068742241918e-09
9.751808729794108110e-09
9.714478268487717888e-09
9.674732282809891151e-09
9.624027714931150617e-09
9.571420471989126849e-09
9.506744914018911544e-09
9.442796213968756305e-09
9.369544311338946358e-09
9.282244294805595388e-09
9.192851445941171766e-09
9.114794536986085625e-09
9.037113036276301642e-09
8.941991508490101276e-09
8.841750650563281662e-09
8.731270069796499799e-09
8.616643558518575639e-09
8.501608410442370938e-09
8.385943649576467831e-09
8.272775228222982463e-09
8.159287397594576413e-09
8.034225221650072793e-09
7.903446785852738103e-09
7.767737389218902917e-09
7.631162030773450773e-09
7.488440617498898767e-09
7.346317618733609713e-09
7.203381198728835949e-09
7.059453111317245480e-09
6.918063326856905723e-09
6.784491211256872632e-09
6.655922706117667688e-09
6.524584431114293255e-09
6.392827759909311317e-09
6.260867494924149832e-09
6.129653537877164906e-09
5.997010877184340418e-09
5.863188994490713236e-09
5.728545443657623497e-09
5.594787461274319430e-09
5.463179172234537820e-09
5.336686289370558071e-09
5.213518706727576558e-09
5.095256987472612166e-09
4.979851204421152464e-09
4.865345573791844597e-09
4.754443248764635301e-09
4.644079996671586468e-09
4.535228320987898729e-09
4.427406102888455260e-09
4.323224780292624325e-09
4.218105992700549640e-09
4.111764490525212767e-09
4.006272261643134934e-09
3.906731921251197617e-09
3.808652183257604205e-09
3.719548799774536283e-09
3.632507953003634737e-09
3.548070661173185067e-09
3.461708785576853733e-09
3.376929090700902931e-09
3.292593672798995675e-09
3.210150996354450051e-09
3.127441091709907440e-09
3.047382491972369989e-09
2.971823381824482440e-09
2.898420200102203198e-09
2.827838803818799712e-09
2.761669652407782483e-09
2.696786774564632464e-09
2.632321830181197583e-09
2.566645703723665918e-09
2.500729264502151257e-09
2.435880407694454522e-09
2.373120629249340919e-09
2.311047305459361193e-09
2.251057810581569435e-09
2.196345695531228751e-09
2.143973532689193328e-09
2.092767038329374800e-09
2.041669587744836068e-09
1.990423419783099774e-09
1.939078170911196731e-09
1.888805790222087527e-09
1.839882817603592013e-09
1.792268554243067215e-09
1.745514845043088745e-09
1.700345052903277288e-09
1.661658625903230982e-09
1.623412532011880040e-09
1.585008949529758126e-09
1.546322350960068642e-09
1.508140097787735805e-09
1.470575178204598211e-09
1.432881954460750662e-09
1.395515431158876591e-09
1.359752631132517704e-09
1.324811208185578201e-09
1.291872834045984807e-09
1.260309587137207927e-09
1.229556582684325069e-09
1.200146327480752608e-09
1.170534949518222317e-09
1.141094582040577404e-09
1.112101033831420933e-09
1.083770763914545339e-09
1.055948165677327593e-09
1.030246780072489726e-09
1.005177591566475616e-09
9.800752189888515211e-10
9.555953154197135151e-10
9.318696567618103555e-10
9.084615844839445695e-10
8.862810375997325294e-10
8.648177314408656380e-10
8.437454100248512270e-10
8.226660400619654983e-10
8.013361028450716317e-10
7.806695686767407705e-10
7.601165760235334391e-10
7.409374584080255477e-10
7.219704244243557792e-10
7.037618899762128708e-10
6.872041623355190107e-10
6.712645232905514528e-10
6.554250503606101676e-10
6.400348900556084358e-10
6.247171825402936230e-10
6.091258787618371759e-10
5.933672178875713933e-10
5.776486342741337975e-10
5.630642850907707458e-10
5.500919862167584465e-10
5.376536977113144330e-10
5.257816154749786634e-10
5.138823666967835725e-10
5.016345216100443281e-10
4.890939706819540815e-10
4.764628380131467679e-10
4.639388275515141213e-10
4.518338491618022898e-10
4.404230946513798187e-10
4.301093785479868555e-10
4.206556774812287909e-10
4.113310868001657045e-10
4.020711653590004776e-10
3.925561998599440177e-10
3.829048159111313649e-10
3.733082319502229996e-10
3.637701057846677978e-10
3.545630553608339942e-10
3.460819135969070957e-10
3.379418762810733311e-10
3.303021189391506566e-10
3.232052801329720529e-10
3.162236378975104749e-10
3.091803499870768222e-10
3.021345934148637280e-10
2.950713613599485215e-10
2.879972797037380460e-10
2.811157281952449946e-10
2.749033117288223306e-10
2.690312158286415015e-10
2.633176606801357603e-10
2.576559034075338825e-10
2.519076194724987115e-10
2.460817055933662125e-10
2.404155824901153997e-10
2.349290798343415942e-10
2.294824353860531879e-10
2.242910101948490721e-10
2.195074427581732605e-10
2.147749292748266684e-10
2.100083323169928010e-10
2.053057170496760886e-10
2.006134774987587122e-10
1.960099768655039058e-10
1.915869177222401422e-10
1.873140746656094754e-10
1.834290737185447158e-10
1.795979646354526509e-10
1.758565614582527855e-10
1.720076095270540426e-10
1.680965640166509651e-10
1.642929498117231903e-10
1.605746306974791238e-10
1.570734713040696550e-10
1.538565913291572951e-10
1.507599332036270368e-10
1.476636793577758241e-10
1.446231923999556764e-10
1.415357660340379218e-10
1.384696282828081203e-10
1.353692050118018188e-10
1.323884445716252056e-10
1.294917590504425830e-10
1.268332965963654068e-10
1.242757112647625959e-10
1.218742009692859341e-10
1.195056269316576126e-10
1.170245818168483528e-10
1.144929073632704295e-10
1.120389115219617391e-10
1.096852871100230717e-10
1.075286488778674075e-10
1.055711140137400649e-10
1.035978344120202396e-10
1.015772970739574141e-10
9.952015825389365072e-11
9.741522298253691178e-11
9.540043195526852048e-11
9.342307257721897617e-11
9.157254545436886528e-11
8.983856581716596485e-11
8.807082407181046676e-11
8.630903054790119212e-11
8.462367910023185153e-11
8.300464641927412705e-11
8.143906320505464946e-11
7.989970203939616906e-11
7.837866889680879764e-11
7.687986844556750459e-11
7.537040676852335705e-11
7.386865803069766779e-11
7.238821437261172508e-11
7.107078070701479675e-11
6.985520998383215309e-11
6.861619462516281979e-11
6.735313158929681633e-11
6.609638555608436486e-11
6.484688074261403169e-11
6.359742551213853519e-11
6.240128700664165170e-11
6.120820565467762001e-11
6.002935878571317224e-11
5.895357581176313203e-11
5.792992089995940688e-11
5.688215923064675814e-11
5.585536272142957744e-11
5.487088700411876668e-11
5.389127873146166497e-11
5.288932597694912880e-11
5.193793590258666282e-11
5.105186764559824046e-11
5.016408311552981135e-11
4.928731979946999931e-11
4.844617304773891219e-11
4.764551645468483423e-11
4.683643124677553012e-11
4.597780936273938557e-11
4.519555402292946142e-11
4.445790001914250733e-11
4.365053623098176403e-11
4.286873562096984606e-11
4.214921286902890298e-11
4.143166207161526414e-11
4.072207400232581000e-11
4.001510045980469627e-11
3.931191949577121773e-11
3.862459754145829169e-11
3.793116745308235806e-11
3.726843172634347334e-11
3.663244447095966570e-11
3.598528661933416713e-11
3.533785230672111575e-11
3.473152707650859272e-11
3.413009323414941958e-11
3.357214462222734209e-11
3.301440431693859465e-11
3.245515532948139086e-11
3.188347418868767146e-11
3.129701180255939211e-11
3.070214006813428774e-11
3.011262167021460056e-11
2.953000684779262603e-11
2.899536697813324560e-11
2.848896471673542132e-11
2.798409080901170567e-11
2.748978990429552800e-11
2.698216811400637591e-11
2.646411158344782203e-11
2.596110758879928269e-11
2.546649250212535485e-11
2.497285169438791269e-11
2.449417208595347035e-11
2.401478688802861599e-11
2.354155787415293686e-11
2.309581131496146318e-11
2.266138411063583022e-11
2.224430737736377024e-11
2.183260469534925291e-11
2.140353274246525436e-11
2.096807008978006761e-11
2.054406286425108970e-11
2.013286499747074539e-11
1.972197143110814786e-11
1.932891730832982636e-11
1.893895184432981468e-11
1.855289543385000540e-11
1.817755640951946297e-11
1.779152181357337503e-11
1.741739460926026251e-11
1.705685770134422582e-11
1.668455317606125964e-11
1.632066171790105019e-11
1.595987506498471245e-11
1.560251649313726539e-11
1.525505413259947759e-11
1.491968913878623083e-11
1.459148815697397529e-11
1.427826525891551419e-11
1.396514985935900381e-11
1.363602301945498186e-11
1.331645670817255788e-11
1.299947214726155009e-11
1.268825601769168564e-11
1.239159663366817942e-11
1.209924856238006461e-11
1.180637738059770339e-11
1.151602646643546134e-11
1.122842925966558690e-11
1.094918908708705673e-11
1.068678951214613640e-11
1.042680228983838231e-11
1.017069642900762325e-11
9.911080343604134099e-12
9.651709856906447783e-12
9.400877247714711865e-12
9.152544079310334395e-12
8.916899828951808122e-12
8.689605147649425122e-12
8.463495855725541507e-12
8.241686277542338466e-12
8.026476002058411548e-12
7.814213221004436454e-12
7.605906512330319989e-12
7.398873744508481300e-12
7.197239805703325931e-12
7.005245998166682588e-12
6.819808853019713239e-12
6.635039468110652662e-12
6.455462941562718298e-12
6.284988582220257463e-12
6.114536448467809762e-12
5.945100565801223403e-12
5.781497402553901629e-12
5.621297551907029448e-12
5.462431011762372552e-12
5.306828354311609648e-12
5.158261070619818637e-12
5.022295552392171972e-12
4.893823565157452901e-12
4.764371419094049009e-12
4.634550694956370701e-12
4.502641872228021397e-12
4.370628920253004853e-12
4.242037661244738305e-12
4.113934127417886471e-12
3.996069224006659394e-12
3.891099499898019661e-12
3.787051749393905928e-12
3.683361995282522841e-12
3.580876376653594541e-12
3.477883018631032652e-12
3.376655322550440729e-12
3.276294369642174739e-12
3.176940037847530981e-12
3.087206853486106575e-12
3.004468732695987537e-12
2.923362735314463352e-12
2.843403469755830182e-12
2.766008883508404420e-12
2.687703430322498000e-12
2.609352002845392989e-12
2.531355896806180819e-12
2.454936481254900709e-12
2.384510412146230584e-12
2.316743421742558345e-12
2.249617606151797235e-12
2.185769980328209065e-12
2.127914475973335233e-12
2.071287680465575726e-12
2.015661802254263206e-12
1.960609038268432930e-12
1.905831017276976870e-12
1.850414769634021123e-12
1.795216610454834469e-12
1.740724092759825446e-12
1.690949814502204074e-12
1.645596255647332518e-12
1.601355286990047252e-12
1.558049976332990042e-12
1.514168462648819123e-12
1.469868544574359842e-12
1.425555134049713602e-12
1.381145714446468442e-12
1.340339643143803756e-12
1.309748195538623297e-12
1.282339884783109226e-12
1.256887092526075462e-12
1.231947182618820340e-12
1.207873586066695557e-12
1.184166228487012016e-12
1.160647833919592411e-12
1.137093772400974193e-12
1.113457560593084125e-12
1.089735999210566644e-12
1.066025255488693681e-12
1.042310436069229853e-12
1.018594245699255587e-12
9.948779486921722446e-13
9.711616136817939061e-13
9.474452818193121751e-13
9.275670454300223677e-13
9.114184084580330906e-13
8.959940697612750783e-13
8.807720575890198896e-13
8.655846836545517493e-13
8.503977683656666800e-13
8.352108530767834282e-13
8.200239377879006814e-13
8.048370224990174296e-13
7.896501072101324613e-13
7.744631919212497144e-13
7.592762766323664627e-13
7.440893613434834129e-13
7.289024460545985455e-13
7.137155307657154957e-13
6.985286154768322440e-13
6.833417001879472757e-13
6.681547848990643268e-13
6.530147317933597843e-13
6.392559793061082403e-13
6.331705206861842585e-13
6.279384697167568121e-13
6.227228994797443439e-13
6.175073292427314718e-13
6.122917590057180948e-13
6.070761887687054246e-13
6.018606185316926535e-13
5.966450482946798824e-13
5.914294780576666064e-13
5.862139078206537343e-13
5.809983375836409632e-13
5.757827673466282930e-13
5.705671971096149160e-13
5.653516268726023469e-13
5.601360566355895757e-13
5.549204863985761988e-13
5.497049161615634276e-13
5.444893459245506565e-13
5.392737756875379864e-13
5.340582054505247104e-13
5.288426352135118383e-13
5.236270649764991681e-13
5.184114947394864980e-13
5.131959245024732220e-13
5.079803542654604508e-13
5.027647840284475787e-13
4.975492137914350096e-13
4.923336435544216326e-13
4.871180733174088615e-13
4.819025030803960903e-13
4.766869328433834202e-13
4.714713626063699422e-13
4.662557923693573731e-13
4.610402221323446019e-13
4.558246518953312250e-13
4.506090816583185043e-13
4.453935114213057332e-13
4.401779411842929116e-13
4.349623709472796861e-13
4.297468007102669654e-13
4.245312304732542448e-13
4.193156602362415241e-13
4.141000899992280462e-13
4.088845197622153256e-13
4.036689495252026554e-13
3.984533792881899853e-13
3.932378090511766588e-13
3.880222388141638372e-13
3.828066685771511670e-13
3.775910983401376891e-13
3.723755281031251199e-13
3.671599578661122983e-13
3.619443876290997291e-13
3.567288173920863016e-13
3.515132471550735305e-13
3.462976769180608099e-13
3.410821066810480387e-13
3.358665364440346618e-13
3.306509662070218906e-13
3.254353959700092205e-13
3.202198257329964998e-13
