3.130138563550938205e-07
3.194547097484613945e-07
3.226533590228500399e-07
3.225128963945030714e-07
3.217726360217012309e-07
3.207031198900698357e-07
3.193885637318972726e-07
3.178452317660294552e-07
3.161094612164328461e-07
3.148640240316569968e-07
3.141018518672638838e-07
3.133048002014000044e-07
3.129298009860714991e-07
3.128276004386830273e-07
3.133104876843517572e-07
3.145718955327251022e-07
3.162399532963467252e-07
3.177296989432406864e-07
3.193837248757084017e-07
3.208710287821197410e-07
3.214153379582630918e-07
3.212174972412755747e-07
3.205225031924835666e-07
3.193613040177219817e-07
3.179786582015893365e-07
3.162967175855446078e-07
3.144921180472511631e-07
3.130084514608472414e-07
3.117217041248695725e-07
3.102411162477126967e-07
3.091679622807484092e-07
3.084337835570734801e-07
3.081282899518361560e-07
3.083898565546093585e-07
3.092942620710802926e-07
3.101982583197307365e-07
3.116946777970530063e-07
3.130610924998642279e-07
3.146391167036588432e-07
3.153767418532222625e-07
3.155501084176969450e-07
3.152024263559745719e-07
3.141505140588862622e-07
3.128268636320516759e-07
3.110730454889377251e-07
3.092303780616599404e-07
3.073379120001046026e-07
3.057522908177692728e-07
3.041996179901353764e-07
3.028921228187649722e-07
3.018642044617038236e-07
3.013419336476080341e-07
3.015327801749480380e-07
3.019193428684042122e-07
3.032710818018906893e-07
3.045172342600807268e-07
3.059124009779625771e-07
3.073312120262771746e-07
3.081539017511750551e-07
3.082504578508977874e-07
3.080184518836720131e-07
3.068887709626985806e-07
3.054417314112284541e-07
3.036641422697426159e-07
3.017827366680168931e-07
3.000120313205678841e-07
2.982950070418609084e-07
2.967782786752785826e-07
2.954638106507021221e-07
2.944983369550149265e-07
2.939073074092801671e-07
2.932749405030777007e-07
2.936234981359811223e-07
2.948259293057444333e-07
2.963342988699416754e-07
2.982636687025127581e-07
2.997120850647600310e-07
3.004195744622385610e-07
3.005154342360326665e-07
3.000231835994781068e-07
2.987137015841576861e-07
2.971245636753667767e-07
2.955496558820603954e-07
2.937257928273059262e-07
2.919222364845762672e-07
2.903885715454495657e-07
2.887850858561059328e-07
2.873773343274568364e-07
2.862947578225439565e-07
2.855290791262280632e-07
2.849333638121461163e-07
2.851428282477640316e-07
2.860321893456673436e-07
2.874711408966413099e-07
2.889401138066210896e-07
2.906471437682991548e-07
2.915798453653281040e-07
2.918868836945370769e-07
2.916551169556056542e-07
2.906316253845364617e-07
2.889879700505744219e-07
2.873860997633699861e-07
2.856046735745569275e-07
2.837389826261546915e-07
2.822628078502476547e-07
2.807338863055229985e-07
2.790078739852942099e-07
2.775322197511666320e-07
2.765396222863744994e-07
2.763181896274868484e-07
2.763181060642140843e-07
2.773622219658437177e-07
2.786294423739036777e-07
2.800998683392118910e-07
2.815621669881555286e-07
2.828698148671472316e-07
2.832479900718893403e-07
2.829368519057691531e-07
2.821558583431475953e-07
2.808926690464025458e-07
2.794305685713208680e-07
2.779001220436777696e-07
2.762619761024450166e-07
2.747894571532188666e-07
2.732960077415313539e-07
2.719177732704523630e-07
2.708192415762552401e-07
2.701007961485278549e-07
2.698835063279636840e-07
2.706526725155030437e-07
2.717163692559074050e-07
2.736083023546275034e-07
2.749589370164439572e-07
2.763802836548609823e-07
2.772849544504689326e-07
2.769533387471273570e-07
2.761439229672694024e-07
2.751811480454676054e-07
2.736516264841855666e-07
2.718514873324236751e-07
2.700512155978228042e-07
2.683600566188734463e-07
2.665909448053974035e-07
2.651208202047573418e-07
2.635932700545074668e-07
2.620392814780901397e-07
2.608403946528746240e-07
2.604352665753314075e-07
2.607449183282376981e-07
2.617064571509829787e-07
2.633618660214549638e-07
2.651610487567952087e-07
2.665533073424507023e-07
2.674510987968362812e-07
2.671885434130196255e-07
2.668957464235643458e-07
2.660442722610118831e-07
2.649169031451779081e-07
2.635253169680056440e-07
2.619083886797129934e-07
2.601840846043861545e-07
2.582977747328663016e-07
2.560757279992866019e-07
2.542076330136958753e-07
2.529039305651499216e-07
2.518736425660299997e-07
2.516176485620796459e-07
2.517432118339563509e-07
2.524605493763337260e-07
2.539150939685656324e-07
2.554212717311810730e-07
2.569540219982847182e-07
2.580692237435996575e-07
2.582968393262936597e-07
2.583676738206219102e-07
2.576973665110032895e-07
2.567441842452745812e-07
2.553679715012128353e-07
2.537013844531891427e-07
2.518004982389299666e-07
2.498692477556208554e-07
2.483852845062902884e-07
2.466774906717304095e-07
2.453884283614847743e-07
2.446060434191377473e-07
2.441332052426323584e-07
2.439913488375382068e-07
2.444549917497643370e-07
2.455652222879870995e-07
2.471679870545485108e-07
2.486045880142872317e-07
2.500341068443069717e-07
2.509647145107423044e-07
2.512700223670751477e-07
2.511192537435411166e-07
2.499580167673876030e-07
2.484978431006451354e-07
2.468466131926542152e-07
2.452023744439961762e-07
2.438397886701074749e-07
2.424526582008555041e-07
2.414036048747022067e-07
2.406363277149799615e-07
2.400001845284875305e-07
2.396987372400872869e-07
2.401950857978215557e-07
2.412554811090265306e-07
2.423547778832727890e-07
2.440309151219351897e-07
2.456733918656019951e-07
2.470019182641670215e-07
2.472792568340538903e-07
2.466504040308281196e-07
2.456153414292247731e-07
2.441230955665654579e-07
2.422841074359023637e-07
2.403442449221302363e-07
2.382622009515909628e-07
2.362175520481484174e-07
2.341847817230373842e-07
2.324599812152016795e-07
2.310067200866318186e-07
2.297760510408871592e-07
2.289083011274802394e-07
2.283706385601593896e-07
2.286714089055419542e-07
2.299106372864949779e-07
2.314739959870992224e-07
2.330728712360836141e-07
2.346089685808685895e-07
2.358954471516636473e-07
2.364168324518712636e-07
2.359383144799865512e-07
2.351328496582146391e-07
2.337899144997036826e-07
2.324051385318655069e-07
2.308052708501073670e-07
2.291354826539726665e-07
2.274443673644627290e-07
2.260050818431986877e-07
2.247782987137934456e-07
2.237887260542443655e-07
2.229738621670161543e-07
2.229988791117729672e-07
2.232549996073210013e-07
2.246213064139489537e-07
2.265077008244805919e-07
2.279789040832989690e-07
2.296814623416235669e-07
2.309047565315969814e-07
2.309520034548699011e-07
2.303205593056097288e-07
2.293649933443419653e-07
2.279671245447396921e-07
2.263803314539647430e-07
2.248434280560042976e-07
2.232289477000614147e-07
2.214054807530059742e-07
2.198264547008733673e-07
2.186078174839544638e-07
2.172145854590482417e-07
2.164921740193441941e-07
2.165006939074257468e-07
2.169867342431012325e-07
2.179801785866189485e-07
2.196753766498474631e-07
2.216517956894122151e-07
2.231768372358202507e-07
2.243892523114307471e-07
2.247474216194091341e-07
2.240257990256528519e-07
2.230834888450116188e-07
2.219813979590410026e-07
2.206239884764096978e-07
2.190612542519417447e-07
2.173463301733279273e-07
2.157709416369352173e-07
2.143619328745146290e-07
2.130196754372597651e-07
2.120950527364877338e-07
2.113405496859418571e-07
2.114041847444091724e-07
2.117427450925228848e-07
2.128797875979823439e-07
2.148225432229484161e-07
2.169032785459395709e-07
2.186514238741781457e-07
2.194264485131736466e-07
2.196761861619197985e-07
2.191963866815953657e-07
2.180849154139067721e-07
2.167390033419324079e-07
2.154665546191677997e-07
2.142378654976933746e-07
2.128752489156609645e-07
2.115109286655627267e-07
2.103231541039006343e-07
2.094616140890945807e-07
2.087078493793904246e-07
2.087568792978083724e-07
2.095859743785528081e-07
2.105076614804354292e-07
2.122545861117968851e-07
2.140818887430474122e-07
2.158270774815431595e-07
2.164203737375730548e-07
2.165466065466939506e-07
2.160745432979019019e-07
2.150298406333767635e-07
2.135175848319706034e-07
2.115597504078408480e-07
2.094392807987162657e-07
2.073978513998811616e-07
2.052581670812242336e-07
2.031722709326272291e-07
2.013718603344737033e-07
1.997808006374393261e-07
1.985509588774860536e-07
1.975225167847238860e-07
1.970510223805939351e-07
1.968570892575344705e-07
1.977849663375764873e-07
1.989634795687974969e-07
2.007710073818553870e-07
2.027612433698183762e-07
2.042427177970458706e-07
2.049855767807533376e-07
2.047304594643297817e-07
2.040171056444014674e-07
2.030834994968846706e-07
2.016435137013164756e-07
1.999349976407911042e-07
1.980997452021912728e-07
1.963532917789752080e-07
1.948389657050987802e-07
1.933052200648884149e-07
1.921441716709603555e-07
1.914618427311176068e-07
1.913173366917561310e-07
1.912328416900773002e-07
1.923050058857240280e-07
1.936615021067971936e-07
1.953145923725679196e-07
1.972724587157749102e-07
1.986570264559059465e-07
1.994443652433774701e-07
1.994297072801559378e-07
1.989243105746870538e-07
1.977893738031844354e-07
1.964559096623991504e-07
1.950036056710378048e-07
1.936413730951794079e-07
1.922488013466252406e-07
1.906733913636158836e-07
1.893541317716771258e-07
1.884362672989489197e-07
1.876086954772371574e-07
1.871068636049981681e-07
1.872957495669197615e-07
1.882435494646584585e-07
1.899560111584231105e-07
1.918763086782330941e-07
1.936122999336147224e-07
1.951534711376951468e-07
1.960211599054447891e-07
1.956602381553978121e-07
1.947886038802912730e-07
1.935807324329966769e-07
1.921351962507459351e-07
1.905419564200405009e-07
1.888467117183120310e-07
1.870783785400079594e-07
1.852447345163805106e-07
1.837702429415978113e-07
1.825011765204603513e-07
1.811941394072075713e-07
1.805958768153740170e-07
1.804035792478029167e-07
1.810392264079138719e-07
1.823538985562316010e-07
1.838793947450435909e-07
1.864536414670372428e-07
1.880797065304282241e-07
1.887878243600277076e-07
1.890954180674673334e-07
1.884341008601916542e-07
1.874290368199683671e-07
1.860112768632217114e-07
1.844040861901799491e-07
1.825333112763684283e-07
1.805115020284363142e-07
1.783659122942142693e-07
1.761847196132070393e-07
1.740963187914433013e-07
1.720507956607309166e-07
1.702090257083832064e-07
1.685027307803585471e-07
1.671542924761164681e-07
1.663131096135214353e-07
1.655547683219107502e-07
1.651147215472003572e-07
1.644991801976215620e-07
1.633885121405159481e-07
1.621085017013086072e-07
1.602302187092757400e-07
1.579606149425894837e-07
1.555647591863414015e-07
1.531012338704477044e-07
1.506151051911333943e-07
1.480084983715294998e-07
1.453138258581083271e-07
1.425909969644187649e-07
1.398325809851706179e-07
1.370302798331346551e-07
1.340875732931269636e-07
1.310743599633608837e-07
1.279293438383106590e-07
1.249888098273052095e-07
1.223275180383823786e-07
1.197102829664663879e-07
1.172064036419504718e-07
1.146230761869086239e-07
1.120378122809430079e-07
1.093765880432639300e-07
1.065738236811223061e-07
1.038770258123091714e-07
1.013135577246354928e-07
9.895398359594843158e-08
9.660077386917466942e-08
9.431502746878025980e-08
9.211663830472850760e-08
8.998797751093999561e-08
8.789863779047878602e-08
8.578125238999038670e-08
8.354283614015456772e-08
8.132293092097696863e-08
7.919909558997907484e-08
7.721556059114203079e-08
7.534471599506922880e-08
7.354760957750095122e-08
7.187110595622142922e-08
7.017048664578316174e-08
6.840028580783811747e-08
6.655452334462360609e-08
6.469704231167370765e-08
6.297699666944938704e-08
6.139079107575562893e-08
5.980498664968508412e-08
5.835391327966985412e-08
5.696080505310068442e-08
5.559017703368846271e-08
5.425535297717746665e-08
5.286477479408802592e-08
5.145943876653548055e-08
5.006898860562061571e-08
4.878807933183916148e-08
4.764739890828713166e-08
4.652730275923378745e-08
4.541375226190378429e-08
4.430126186400001767e-08
4.316334863611242523e-08
4.202201897365683209e-08
4.095651408737916247e-08
3.990673999300702613e-08
3.895071957848253663e-08
3.803161262474825622e-08
3.708194158696209370e-08
3.612423680783178818e-08
3.515812681294002005e-08
3.422503778492794790e-08
3.335649693250044139e-08
3.252438645180692861e-08
3.177034633971263893e-08
3.106343496990725665e-08
3.034839397064524077e-08
2.961427441624799226e-08
2.886933082754353766e-08
2.809714179487760028e-08
2.736823053061707755e-08
2.666906386302020016e-08
2.601325521733558609e-08
2.543050813080979601e-08
2.483776893791905571e-08
2.424710232870497698e-08
2.365111229250259595e-08
2.304614594900945393e-08
2.247937012728483657e-08
2.191660222179378970e-08
2.137399723771716196e-08
2.090168617513768715e-08
2.042848326809431654e-08
1.996142066376650732e-08
1.948100497536798326e-08
1.899718772612928882e-08
1.853618618378402520e-08
1.807255710771401363e-08
1.762795036956428789e-08
1.721874948285345059e-08
1.680542679083652725e-08
1.639315085196084742e-08
1.598943148433077921e-08
1.560129402006127684e-08
1.523202907809250002e-08
1.487440872216850920e-08
1.451992561126656366e-08
1.419993721477506165e-08
1.390318190846063217e-08
1.360620418973918692e-08
1.330413075142456784e-08
1.298352832325728391e-08
1.267090105583154771e-08
1.235845813747952808e-08
1.205182765591392760e-08
1.177530934351063548e-08
1.149990449628759165e-08
1.123714026001433737e-08
1.097669136966336662e-08
1.072407751412767129e-08
1.048530472914996599e-08
1.025362749858055219e-08
1.002125627095418295e-08
9.792895653542102592e-09
9.568824466940389926e-09
9.360719982633661001e-09
9.165892152694046541e-09
8.982491275196956316e-09
8.799956862201348829e-09
8.599626448508500829e-09
8.398615192617925282e-09
8.193910281850960854e-09
7.994916835342669494e-09
7.807022176149030037e-09
7.627377575185601372e-09
7.453360706293452949e-09
7.291220600685414842e-09
7.145675398374398047e-09
6.999258145498833740e-09
6.856326512908714454e-09
6.713152565259006665e-09
6.568619236649214934e-09
6.428932006716732904e-09
6.295530123231210861e-09
6.166001625552557174e-09
6.048320841454709268e-09
5.934821991213828363e-09
5.819294438125116147e-09
5.698267851072257837e-09
5.572865767482610207e-09
5.443500894548600535e-09
5.321200019760475662e-09
5.206768615813074220e-09
5.097228910184750882e-09
4.992722802263053416e-09
4.892810996984860173e-09
4.795303449926119576e-09
4.699107907149692685e-09
4.606004322930308236e-09
4.513507173549718695e-09
4.420174931019656327e-09
4.334677672972160783e-09
4.256755080011064052e-09
4.182308166948449782e-09
4.110036130590225971e-09
4.035929729908140742e-09
3.955669682953782632e-09
3.874304699276904351e-09
3.791875843328582661e-09
3.710240050413479688e-09
3.629707562881176944e-09
3.563326076711098710e-09
3.500787942921150893e-09
3.437487035800666178e-09
3.374851223452147545e-09
3.313447147405924262e-09
3.249860145058943556e-09
3.187299590696913706e-09
3.125271832654604553e-09
3.062580664787428180e-09
3.005903182246249311e-09
2.954901231374572450e-09
2.904447857532913366e-09
2.854749962462373290e-09
2.806370187820230521e-09
2.756661564960586616e-09
2.705630334697063543e-09
2.653464785037882154e-09
2.601452775495209047e-09
2.553634255690877825e-09
2.509445086675376347e-09
2.467198398180745517e-09
2.425987302847665400e-09
2.385454860385761476e-09
2.343540363357482169e-09
2.301805575729393152e-09
2.261842203482322841e-09
2.221662137042695284e-09
2.184988076612594938e-09
2.149963094843689046e-09
2.115847120232608442e-09
2.081188695940494021e-09
2.045726873712272895e-09
2.009920718006906582e-09
1.975804058068916288e-09
1.943438001021670053e-09
1.911865924007984501e-09
1.882417999460440822e-09
1.852884502422278589e-09
1.821808815193601760e-09
1.791323625768482730e-09
1.761885552250351299e-09
1.732852654760290923e-09
1.706117583155475115e-09
1.679695196054920701e-09
1.652559023002011848e-09
1.625535700085553665e-09
1.600525135252049578e-09
1.575266957131841784e-09
1.551798516689519358e-09
1.528734881301657386e-09
1.505354969981795398e-09
1.482090252067947886e-09
1.459939228976911698e-09
1.438352830401005884e-09
1.417100158824757385e-09
1.396374602762881293e-09
1.373986846593157755e-09
1.351947354443923050e-09
1.330119769054864428e-09
1.308030802576633618e-09
1.287702249982100745e-09
1.267688603921931665e-09
1.248074288873794108e-09
1.229732802504705495e-09
1.213910623032556901e-09
1.197771354947113823e-09
1.181446417681303209e-09
1.164834576905854747e-09
1.147562122316956521e-09
1.128715867413922399e-09
1.110256772478529178e-09
1.093192408182274542e-09
1.076022295080221382e-09
1.059748158938246743e-09
1.044015816357357631e-09
1.027812285385216083e-09
1.011574606755519616e-09
9.952451955668859504e-10
9.790811619559555072e-10
9.632809793957570002e-10
9.477820431736804564e-10
9.335789082482867512e-10
9.196548099746151158e-10
9.051480276136847813e-10
8.911058386543368041e-10
8.772586510237874978e-10
8.632476835797791938e-10
8.496974376836974603e-10
8.367983792465823561e-10
8.242214964477191151e-10
8.106624455713433730e-10
7.967483537303761703e-10
7.824228400076459493e-10
7.688933473907439076e-10
7.556387115703059547e-10
7.426024899433018640e-10
7.301017190776225848e-10
7.178075205992804022e-10
7.048094270511911894e-10
6.920569715884658798e-10
6.797182700141568369e-10
6.677379173853225645e-10
6.565262605171836075e-10
6.453885887253054808e-10
6.336997647121554996e-10
6.215195932004143923e-10
6.095407190309843287e-10
5.975864385339778366e-10
5.857812243976714749e-10
5.752714279149073017e-10
5.649541657432128285e-10
5.549513357279545938e-10
5.448981198868758657e-10
5.345240083083290075e-10
5.242352962985369431e-10
5.131376730566178689e-10
5.018393399796339370e-10
4.908387681270246930e-10
4.801941027255010135e-10
4.697041939811115068e-10
4.599952206678954258e-10
4.505256747245765779e-10
4.411642729607964304e-10
4.322670024736937263e-10
4.233754269180967304e-10
4.140828046380261939e-10
4.044099991050694203e-10
3.945223994721753670e-10
3.848437369194543392e-10
3.753002837204071318e-10
3.663399456010876579e-10
3.576252383926246263e-10
3.495337915389934766e-10
3.414918823391106172e-10
3.334599881048166283e-10
3.251899446255957250e-10
3.169118552653568382e-10
3.087307778301436826e-10
3.006285297223190271e-10
2.927320177627991305e-10
2.854438797868328315e-10
2.782106023090988738e-10
2.709929851324350512e-10
2.638350186419021817e-10
2.568229035306175707e-10
2.499495172153220404e-10
2.431905663918329677e-10
2.364567850713000500e-10
2.300402955720399679e-10
2.238888596033141147e-10
2.178668427946245856e-10
2.118778686931678729e-10
2.061673375639754685e-10
2.007403081161997667e-10
1.952760937000443837e-10
1.898955182117217075e-10
1.846789624970078885e-10
1.794987707143762102e-10
1.743506466465946212e-10
1.694333516972786495e-10
1.646424724262585176e-10
1.601328937735879199e-10
1.556350125378651795e-10
1.511981395312619930e-10
1.468289815196454575e-10
1.427148229611780774e-10
1.387265341901769634e-10
1.347791706781267741e-10
1.310658972794183242e-10
1.274447647066788911e-10
1.238076511004973566e-10
1.201773389643265315e-10
1.165550136000639512e-10
1.131474942106267628e-10
1.098120658183791941e-10
1.065175724586738646e-10
1.034084429482289959e-10
1.005967849313310900e-10
9.780835694420441652e-11
9.507298551625696409e-11
9.236935521828577355e-11
8.973513569717213929e-11
8.712567635759038450e-11
8.452523356682334241e-11
8.199302726066698562e-11
7.962258177193293748e-11
7.729717575904752745e-11
7.508319928738882639e-11
7.293118011547023544e-11
7.090763397654176037e-11
6.892767267757137777e-11
6.695922076467902269e-11
6.501488461433255763e-11
6.314862877118226157e-11
6.132957892810826511e-11
5.950877031382080596e-11
5.779973126317095945e-11
5.618117101781982671e-11
5.457153564584270479e-11
5.298695491862415175e-11
5.141569218972895959e-11
4.995347149479966741e-11
4.849608813618787318e-11
4.706707526306821483e-11
4.577513572795854548e-11
4.450725748897482637e-11
4.325420599587247602e-11
4.201613594945167742e-11
4.079167485603026740e-11
3.958305773960717018e-11
3.840807241297458490e-11
3.730085228252726425e-11
3.624101386533200377e-11
3.520023996781480451e-11
3.419407231817014866e-11
3.320742498662536912e-11
3.226807160729794996e-11
3.137393103083371790e-11
3.048107947516984153e-11
2.958478187075338212e-11
2.870480628190984498e-11
2.787907859000819416e-11
2.709497809139201750e-11
2.635313889852527338e-11
2.562185806149544138e-11
2.486537145475035197e-11
2.413232683586665213e-11
2.343996956884253345e-11
2.277912599908491267e-11
2.214561343192828966e-11
2.151306347964868760e-11
2.089526482535103752e-11
2.029444384905167611e-11
1.969727775873130593e-11
1.914335696542912086e-11
1.859859058029273186e-11
1.805395146828905690e-11
1.754155288075109655e-11
1.706746835072778609e-11
1.659841507742852781e-11
1.613346669410273662e-11
1.566647167252371099e-11
1.520147101201053569e-11
1.473810728590956487e-11
1.433331720433906088e-11
1.395594842652948525e-11
1.357896803472744803e-11
1.321253489945489449e-11
1.283340786865994609e-11
1.245659714757963078e-11
1.208053468216167592e-11
1.173110577856266252e-11
1.140297689811466007e-11
1.108057465568210817e-11
1.075785937082724823e-11
1.044454907797015499e-11
1.013370020158287800e-11
9.830106461023638897e-12
9.550785410503228932e-12
9.275413365847629704e-12
9.006953300188964315e-12
8.744136908294764190e-12
8.501496653342854313e-12
8.268280990256103751e-12
8.038140046969033678e-12
7.810939893238226400e-12
7.585691011751845772e-12
7.369618174494992919e-12
7.165372680548505124e-12
6.961001764959252120e-12
6.761774456432663252e-12
6.564396558613859250e-12
6.373482154240896889e-12
6.184156708636241677e-12
5.999235076505235844e-12
5.832464708183343295e-12
5.673111099924012551e-12
5.520708239537036870e-12
5.361822698105619286e-12
5.198823018237163147e-12
5.033635812330805974e-12
4.880684133920932999e-12
4.751176657853332345e-12
4.625297423120671315e-12
4.494714557365935657e-12
4.358159990992879667e-12
4.224293447670914193e-12
4.098093720039362010e-12
3.979070712467250368e-12
3.867860480731516200e-12
3.753337191974658799e-12
3.650752897764446679e-12
3.546647939043101050e-12
3.445538832089656388e-12
3.340436663706547476e-12
3.239314596853691401e-12
3.143922916323063458e-12
3.056237650987738235e-12
2.971302292818510198e-12
2.888950034136624807e-12
2.803654678321630533e-12
2.717741522861716469e-12
2.634999139740350721e-12
2.558227473538493685e-12
2.481955892740362157e-12
2.408993912787189247e-12
2.337840646188001997e-12
2.267826974122446503e-12
2.202877742156813497e-12
2.140646100317543593e-12
2.078456898443479377e-12
2.019108823026333321e-12
1.958759601454263688e-12
1.899135151140230055e-12
1.841353369666136204e-12
1.787840409402165005e-12
1.735316061467624544e-12
1.684636317552820121e-12
1.633127276341941582e-12
1.583123220522474845e-12
1.537073797830557290e-12
1.495136404747965997e-12
1.452810400272139569e-12
1.408968706160793603e-12
1.363224947611181102e-12
1.319837604550677581e-12
1.279636736983451277e-12
1.242254946645487279e-12
1.206753581535109053e-12
1.173694764761979853e-12
1.140715515391857394e-12
1.106118944127520438e-12
1.070850709627930396e-12
1.035585921705869637e-12
1.004276618495449611e-12
9.756017885890261147e-13
9.468972803321283834e-13
9.170946460192481728e-13
8.873711192050772954e-13
8.613487894211168419e-13
8.467271751472977772e-13
8.322813562952670745e-13
8.179537821739262363e-13
8.033025510228358663e-13
7.882259277212338134e-13
7.731018785026370113e-13
7.579564919689683920e-13
7.428061269105076448e-13
7.276540550804767296e-13
7.125020630885166122e-13
6.973502360781697141e-13
6.823110741355020129e-13
6.680244282919873351e-13
6.561626069228109520e-13
6.445167112837422684e-13
6.328812542037327211e-13
6.212457971237244865e-13
6.096103400437164538e-13
5.979748829637084212e-13
5.863394258836986720e-13
5.747039688036905384e-13
5.630685117236823038e-13
5.514330546436742711e-13
5.397975975636646229e-13
5.281621404836564892e-13
5.165266834036481537e-13
5.048912263236386064e-13
4.932557739882592016e-13
4.816203668610645425e-13
4.701925003113115925e-13
4.604306738570413447e-13
4.566017776949621178e-13
4.528068632642352905e-13
4.490119488335083624e-13
4.452170344027809293e-13
4.414221199720540516e-13
4.376272055413270224e-13
4.338322911106000943e-13
4.300373766798725097e-13
4.262424622491455816e-13
4.224475478184187543e-13
4.186526333876916242e-13
4.148577189569642416e-13
4.110628045262373639e-13
4.072678900955104358e-13
4.034729756647829522e-13
3.996780612340559735e-13
3.958831468033290958e-13
3.920882323726021677e-13
3.882933179418746336e-13
3.844984035111477559e-13
3.807034890804207773e-13
3.769085746496937481e-13
3.731136602189665170e-13
3.693187457882394373e-13
3.655238313575125092e-13
3.617289169267855305e-13
3.579340024960581479e-13
3.541390880653311692e-13
3.503441736346041401e-13
3.465492592038773129e-13
3.427543447731497788e-13
3.389594303424229011e-13
3.351645159116958720e-13
3.313696014809684894e-13
3.275746870502415107e-13
3.237797726195146330e-13
3.199848581887876039e-13
3.161899437580601708e-13
3.123950293273332426e-13
3.086001148966062640e-13
3.048052004658793358e-13
3.010102860351519027e-13
2.972153716044249745e-13
2.934204571736979959e-13
2.896255427429710172e-13
2.858306283122436346e-13
2.820357138815166055e-13
2.782407994507896773e-13
2.744458850200622947e-13
2.706509705893353160e-13
2.668560561586083374e-13
2.630611417278813587e-13
2.592662272971539761e-13
2.554713128664269974e-13
2.516763984357001197e-13
2.478814840049731411e-13
2.440865695742456575e-13
2.402916551435187293e-13
2.364967407127917507e-13
2.327018262820648730e-13
