1.961929389708760266e+22
1.949415400229753900e+22
1.933053241662465743e+22
1.912256215426306933e+22
1.889668792423201689e+22
1.866910021246823222e+22
1.844278386428952235e+22
1.822513902046171418e+22
1.800773106372745311e+22
1.779366281540675620e+22
1.758251478228225596e+22
1.737254620441059367e+22
1.716608218947252545e+22
1.695998653350219560e+22
1.675372834339717697e+22
1.655408168082049755e+22
1.635554230007827425e+22
1.616070886176263976e+22
1.596822195208740196e+22
1.577721056145888300e+22
1.558983183461983768e+22
1.540399236663757662e+22
1.521825111164582678e+22
1.503410209985949126e+22
1.485163376048515894e+22
1.467292884833729826e+22
1.449606416264924339e+22
1.432343816773855032e+22
1.415292119696666106e+22
1.398343825554494875e+22
1.381618690441549657e+22
1.365125215673166437e+22
1.348897164159343605e+22
1.332733033213280335e+22
1.316689343335790071e+22
1.300792427170194732e+22
1.284992301740085320e+22
1.269358644430955453e+22
1.254023429880243710e+22
1.238852782523165337e+22
1.223798566885377075e+22
1.209039966166141895e+22
1.194503064579227832e+22
1.180281571963898010e+22
1.166172990398391124e+22
1.152139136541497544e+22
1.138354119461485884e+22
1.124780059447638203e+22
1.111228750485169321e+22
1.097834590821600461e+22
1.084687604289426057e+22
1.071576627213893213e+22
1.058460349511967860e+22
1.045631585147877222e+22
1.032961960217713993e+22
1.020442327919760087e+22
1.007995814529186398e+22
9.957830485816574476e+21
9.836593705010811896e+21
9.715745119584292700e+21
9.597895995683130835e+21
9.481386864824662622e+21
9.366427398763705270e+21
9.252689879181672055e+21
9.141042757789645013e+21
9.030610942163561742e+21
8.922091683059540689e+21
8.813647443081246540e+21
8.705565540843681481e+21
8.598770677042275942e+21
8.493057613792901333e+21
8.388667680422451216e+21
8.285518172547780182e+21
8.185959797183945376e+21
8.087013420178361811e+21
7.988528504504872600e+21
7.890230664496071836e+21
7.794490369187262759e+21
7.700482967282335613e+21
7.606695729955283665e+21
7.513389170508350620e+21
7.421925575327641240e+21
7.332116388390324142e+21
7.242547787029244019e+21
7.153849869446250758e+21
7.065727343022920696e+21
6.978475458363323843e+21
6.892220250112110100e+21
6.807292134243471196e+21
6.724560500901500944e+21
6.642419169910310568e+21
6.562645702156068323e+21
6.483181715470516486e+21
6.404500132757794456e+21
6.326976806463611077e+21
6.249703368478328619e+21
6.173189313004284412e+21
6.097844225543832076e+21
6.022579942735533310e+21
5.948308833528208949e+21
5.876825147107502457e+21
5.805811503393131201e+21
5.735400205053238182e+21
5.666105477984201736e+21
5.596909224555944346e+21
5.528071026983832650e+21
5.460190849157834998e+21
5.393884124225677033e+21
5.327273961284679238e+21
5.261181792401937662e+21
5.197345106045186343e+21
5.134474200385710981e+21
5.071948840877559906e+21
5.010264579896854446e+21
4.949753646217166848e+21
4.889398171803579318e+21
4.829850487518183555e+21
4.771334561992275919e+21
4.713411075653321097e+21
4.655613103332572266e+21
4.599170009975065412e+21
4.543179670202759512e+21
4.487706013990497288e+21
4.432966983814533874e+21
4.379025568357468340e+21
4.325431340406958719e+21
4.272627742986031596e+21
4.220198519009082081e+21
4.169226543427711140e+21
4.119010719900949283e+21
4.069254176245666546e+21
4.019225173407065178e+21
3.970178453112697651e+21
3.921800522925651001e+21
3.873564799927258186e+21
3.826290758287852306e+21
3.779458212384215138e+21
3.732758873063332250e+21
3.687311125066111517e+21
3.643008796814530314e+21
3.598504995106020393e+21
3.555045438182203064e+21
3.511975572361170649e+21
3.469636866927282356e+21
3.427310815112890679e+21
3.385183395175481213e+21
3.343556732362003841e+21
3.302586483822224736e+21
3.262223083643410055e+21
3.222522528959482036e+21
3.183163550627675505e+21
3.144370677447304151e+21
3.106348771949557580e+21
3.068037163870412341e+21
3.030757926362571342e+21
2.993555241036422840e+21
2.956374378360311644e+21
2.920763327296174555e+21
2.885202718747862237e+21
2.850264041313606304e+21
2.815941313831748239e+21
2.781464404316404580e+21
2.747366012703377195e+21
2.713752479838135386e+21
2.680474220719850390e+21
2.648184723119902556e+21
2.615983357343968002e+21
2.584126997076772389e+21
2.552806524786455347e+21
2.521736643082984620e+21
2.491239206911411225e+21
2.460750490035429573e+21
2.430839190386920915e+21
2.401024032811605557e+21
2.371245352353452786e+21
2.342239741790491509e+21
2.313607189554630492e+21
2.285462200013018628e+21
2.257696885484392284e+21
2.229934669469660742e+21
2.202343392501151564e+21
2.175588385485445399e+21
2.149231592421320294e+21
2.123078359481017696e+21
2.097559263421156819e+21
2.072005857643739480e+21
2.046328633178100597e+21
2.021613093212040724e+21
1.996893563115906531e+21
1.972270983593532588e+21
1.948170304711759757e+21
1.924598889246416962e+21
1.901235947583083119e+21
1.877789055046441239e+21
1.854936356479167889e+21
1.832284694423110156e+21
1.809993632997318590e+21
1.787986355939466543e+21
1.766023584607210308e+21
1.744413214138112672e+21
1.722942200310701490e+21
1.702156622906421674e+21
1.681311031635379749e+21
1.660735363863551410e+21
1.640241400924013330e+21
1.620195905653335130e+21
1.600570633448430502e+21
1.581183233018619494e+21
1.561816426119674986e+21
1.542912412088362598e+21
1.524073253545702064e+21
1.505302960268634489e+21
1.486879010934673637e+21
1.468847085781365555e+21
1.450769636737046020e+21
1.433091563123629621e+21
1.415786760310103212e+21
1.398446589485034766e+21
1.381274248963573678e+21
1.364528808422288392e+21
1.347728637734583796e+21
1.331175590224419619e+21
1.314720778484664238e+21
1.298687555647624708e+21
1.282991675121125818e+21
1.267418075179138154e+21
1.252059962429652074e+21
1.236461203560137753e+21
1.221455017543622984e+21
1.206851727997861364e+21
1.191828320522320478e+21
1.177296163323677245e+21
1.163024211684282597e+21
1.148655606251738104e+21
1.134638448056409260e+21
1.120869573322138059e+21
1.107334957707139088e+21
1.093839753836775473e+21
1.080566153937886773e+21
1.067452669880958452e+21
1.054248144330158375e+21
1.041359494209785823e+21
1.028625081120977977e+21
1.016024961509573394e+21
1.003690207740323824e+21
9.912020999346947359e+20
9.791039347214769193e+20
9.673141962226828575e+20
9.558004310998283715e+20
9.440543206304595313e+20
9.324454624605281976e+20
9.212039722961022484e+20
9.097032300136206172e+20
8.985579314342912328e+20
8.876110167351434936e+20
8.769306374525807493e+20
8.663485083671312466e+20
8.556401903216691773e+20
8.451514109049843220e+20
8.348681973059545989e+20
8.244393696086666772e+20
8.145970429534563205e+20
8.046075915823765258e+20
7.946868164188365128e+20
7.850801177149902684e+20
7.756296842346011034e+20
7.661951674474714890e+20
7.571184761829661082e+20
7.475489798479961129e+20
7.384957558296842076e+20
7.294747610749570908e+20
7.207339103030774333e+20
7.117892470264435835e+20
7.032494021677073039e+20
6.945859355367613399e+20
6.864029560034257797e+20
6.779246209342136648e+20
6.696520105050355794e+20
6.616066194141216768e+20
6.532966988676171039e+20
6.451208088471264297e+20
6.374040075870748017e+20
6.296960661028360684e+20
6.216390825608021279e+20
6.143526813705235333e+20
6.069765729078172713e+20
5.996883967755578245e+20
5.921885338444658115e+20
5.851270647232351437e+20
5.778220715429905039e+20
5.707665194209550664e+20
5.637991912459557274e+20
5.569210961576544829e+20
5.501576583726484685e+20
5.436117152178632131e+20
5.368529732698290913e+20
5.302578275453673800e+20
5.239327448977404068e+20
5.173797110385666294e+20
5.110636512873460531e+20
5.050442291174615941e+20
4.988959029047611228e+20
4.928954885571341844e+20
4.868255041027694264e+20
4.809083599798026895e+20
4.750756799443379814e+20
4.690851018386641388e+20
4.635298193873247928e+20
4.578484059895862395e+20
4.522585540532308541e+20
4.466944826065732895e+20
4.412331385520163389e+20
4.360077516014739784e+20
4.308056886769079419e+20
4.254719535092077036e+20
4.204483763478384476e+20
4.155135214572357550e+20
4.104172997450018980e+20
4.053800049515347313e+20
4.002970355492356751e+20
3.953001607854097695e+20
3.906386880029729751e+20
3.859174747876842537e+20
3.812518782621623910e+20
3.766643244935508787e+20
3.720907121748519158e+20
3.676057876994095186e+20
3.630538381143810376e+20
3.587356184947981681e+20
3.542258238879711232e+20
3.498757230174084137e+20
3.456408787553041777e+20
3.414972588068089364e+20
3.373098518558095442e+20
3.333472473692806185e+20
3.292986676734033920e+20
3.253028685959259095e+20
3.213756882183399014e+20
3.175235870108321710e+20
3.136946513010030019e+20
3.098615363433866199e+20
3.060497870006772040e+20
3.023636873726897684e+20
2.986735594794840883e+20
2.951696455865166725e+20
2.915173529779737723e+20
2.879735924387110912e+20
2.844997722378574889e+20
2.810142320454896845e+20
2.775584244235489444e+20
2.741490744993616691e+20
2.709061494205693297e+20
2.677899742046764073e+20
2.646075373584346317e+20
2.614345267133182116e+20
2.581904534629125980e+20
2.549393118432478495e+20
2.518202853710896497e+20
2.487284717031257866e+20
2.457486859299815752e+20
2.428256968987774812e+20
2.399724539192809554e+20
2.372044640844763628e+20
2.343218920650496410e+20
2.314206388302531133e+20
2.285694689650997658e+20
2.256804052575054397e+20
2.228489411570803999e+20
2.202189827925972091e+20
2.176400520246411919e+20
2.151008556540360458e+20
2.125524813407972557e+20
2.100136088204062884e+20
2.075247801615047066e+20
2.049966698627220767e+20
2.024679118228679885e+20
1.999021009415384924e+20
1.974290118161121608e+20
1.950619427699352863e+20
1.927323208648349450e+20
1.905175432283418788e+20
1.882560346145373553e+20
1.860364198152661893e+20
1.837618764440280760e+20
1.814495525219617997e+20
1.792060254735621489e+20
1.769511092348526920e+20
1.748374914709339505e+20
1.727816924452460298e+20
1.707459891698143396e+20
1.687128522579549553e+20
1.667122149855241503e+20
1.646548749802629693e+20
1.627059711830155919e+20
1.607058093615714468e+20
1.587802167044023255e+20
1.568723892022678323e+20
1.549836742499137946e+20
1.531148277663723684e+20
1.512618025451064852e+20
1.495201574079288443e+20
1.477236950842713375e+20
1.459267689582047068e+20
1.441646665964615926e+20
1.424272019268367811e+20
1.406729746597952225e+20
1.389525839003588854e+20
1.372881814462198743e+20
1.356774824956925542e+20
1.340699474383985377e+20
1.324777273379522642e+20
1.308903987667565281e+20
1.293192852121688146e+20
1.277533491119014216e+20
1.261785900415447368e+20
1.245867543194967409e+20
1.229839358968066540e+20
1.214676272311142154e+20
1.200629009738037821e+20
1.186826615703717478e+20
1.173349499733994865e+20
1.159069896442389955e+20
1.144877811789685555e+20
1.130402934610011423e+20
1.115824382997449277e+20
1.101678980108137759e+20
1.088048685862931333e+20
1.075301716627554140e+20
1.062578585865744056e+20
1.050015723283965051e+20
1.037776425724184330e+20
1.025683772317585080e+20
1.013652136733080125e+20
1.001383586896588964e+20
9.885743304917526118e+19
9.760686509167070413e+19
9.638785502180461773e+19
9.521898243159123558e+19
9.408458470746629734e+19
9.295122002440342733e+19
9.187464041980010496e+19
9.078805920982748365e+19
8.965759325911759258e+19
8.851822094106912358e+19
8.736376315889460838e+19
8.626619677012344832e+19
8.519979330346980147e+19
8.411998588784027238e+19
8.312245258051677389e+19
8.215041226002535219e+19
8.120754143404795494e+19
8.028594560422725222e+19
7.929005590686918246e+19
7.827462190487111270e+19
7.726416883560834662e+19
7.630395017397110374e+19
7.543201323622277120e+19
7.457447624096232243e+19
7.369786023822015693e+19
7.280667858195472384e+19
7.188445258849038336e+19
7.096164099437125632e+19
7.007917731711667405e+19
6.922110759827038208e+19
6.843452795251189350e+19
6.765536214606223770e+19
6.685107311927885824e+19
6.602492547969145242e+19
6.516034844585009971e+19
6.430726788358568346e+19
6.349238576497188864e+19
6.268934440856023859e+19
6.195721916416634880e+19
6.126772789367202611e+19
6.056711542767395635e+19
5.985143716542569677e+19
5.911366671359446221e+19
5.832974948456085094e+19
5.756632640348903834e+19
5.682527365690440909e+19
5.612576274531201843e+19
5.548669465935465677e+19
5.484846003251717734e+19
5.421057160694248243e+19
5.355201500522663117e+19
5.286926658154673766e+19
5.220519227432066253e+19
5.153739190869634253e+19
5.088609587876525670e+19
5.029911058396056781e+19
4.971475906724424909e+19
4.914471056355775283e+19
4.855399469932726682e+19
4.794850894702208614e+19
4.735970432011689165e+19
4.676295642450835046e+19
4.616838716752586342e+19
4.559747598186794189e+19
4.501785021503461786e+19
4.443924572183115366e+19
4.387736224942673101e+19
4.333544069287768064e+19
4.280486142795706368e+19
4.228347336568388813e+19
4.176697477793582285e+19
4.128031753521174118e+19
4.082295051097023283e+19
4.036623243946756506e+19
3.989680396563652608e+19
3.939434938947981312e+19
3.888939102148712038e+19
3.838487425902484685e+19
3.788620272139380326e+19
3.742203794293564211e+19
3.695254386617889587e+19
3.650193731124394394e+19
3.605602029810039603e+19
3.561289773830886195e+19
3.518102448151579443e+19
3.475698966286415053e+19
3.432529781577091072e+19
3.389633887199605146e+19
3.347644727432359117e+19
3.307903598744689869e+19
3.270235653493599846e+19
3.234333082941755392e+19
3.197565146885683200e+19
3.157488128831869338e+19
3.117266349603151462e+19
3.076167498463473664e+19
3.034868485460276838e+19
2.995565885328918938e+19
2.957585358814540595e+19
2.920676166165808333e+19
2.885366553545124659e+19
2.852435760323760947e+19
2.819065596811942298e+19
2.785339991883396301e+19
2.751642074195114803e+19
2.717324196187934310e+19
2.683823544448247398e+19
2.651039984994585395e+19
2.618994465822787174e+19
2.588915391701871002e+19
2.559811673580251136e+19
2.530440900080139469e+19
2.500046268934488883e+19
2.468845245762045133e+19
2.436381361996354355e+19
2.404736607585862861e+19
2.373868963648052019e+19
2.344111050786827059e+19
2.315485721704500019e+19
2.287727645837765018e+19
2.260202700091922432e+19
2.232578146035200819e+19
2.205304138479380890e+19
2.177822063979770675e+19
2.150180616877194445e+19
2.124138602552927846e+19
2.099556379461961728e+19
2.075807462450576179e+19
2.052547805607346586e+19
2.028918069701879808e+19
2.003685223018772890e+19
1.977936217642012672e+19
1.951832808786738790e+19
1.925995327761575526e+19
1.900289834870462054e+19
1.877347444674960179e+19
1.855371801862811238e+19
1.833267264370277786e+19
1.811398319494614016e+19
1.789969440184764006e+19
1.767484147141566259e+19
1.745478399558189670e+19
1.723638548963933184e+19
1.701605282907867955e+19
1.680661081102145536e+19
1.660603667831529472e+19
1.640679477704254054e+19
1.620962840115034931e+19
1.601611626715506074e+19
1.581954998423144448e+19
1.562142774741770035e+19
1.542137185152596787e+19
1.522241131735768474e+19
1.503226022861532774e+19
1.484827829122194432e+19
1.466944798352323994e+19
1.449358849910270157e+19
1.431864838165382963e+19
1.413870644357332173e+19
1.395939779968042598e+19
1.378715824405059584e+19
1.361443029771288576e+19
1.345121412283775590e+19
1.329005513196679578e+19
1.313044151484743680e+19
1.297040743111279206e+19
1.280757406608790938e+19
1.264336174222200422e+19
1.248349963345521664e+19
1.232993118015934259e+19
1.217953638978223514e+19
1.203552669672163738e+19
1.189106702787368960e+19
1.174317678204639027e+19
1.159748745088666419e+19
1.145440634955301274e+19
1.131118666053283226e+19
1.117480381120930816e+19
1.103888083342236467e+19
1.090038556726438298e+19
1.076290156913953382e+19
1.063054820986136781e+19
1.049830811932438323e+19
1.037105553067606221e+19
1.024483740924545434e+19
1.011828782393834906e+19
9.994030136391297024e+18
9.872586844920082432e+18
9.753598847837333504e+18
9.635573363105474560e+18
9.519139018001131520e+18
9.400158882487773184e+18
9.281812872833533952e+18
9.163703178425472000e+18
9.045509316945280000e+18
8.934010172386443264e+18
8.823646909051094016e+18
8.713946758579662848e+18
8.608536290161568768e+18
8.510733245561156608e+18
8.411864772339777536e+18
8.312580134318368768e+18
8.212412083260892160e+18
8.110516788967951360e+18
8.006485269403867136e+18
7.904482785223316480e+18
7.806121848064932864e+18
7.709466787415027712e+18
7.615677656529337344e+18
7.524023783213498368e+18
7.431178851481674752e+18
7.337777206769385472e+18
7.244217951425754112e+18
7.153119954203925504e+18
7.062312349419437056e+18
6.972457757331837952e+18
6.888781042340487168e+18
6.807116295954882560e+18
6.724512232202777600e+18
6.644229381345784832e+18
6.563878991146195968e+18
6.482931933125448704e+18
6.403588843651505152e+18
6.326272206902574080e+18
6.248555756414954496e+18
6.171455487585761280e+18
6.093965174844515328e+18
6.016267972010298368e+18
5.941744822243997696e+18
5.867921792390934528e+18
5.795777225138516992e+18
5.724976751513774080e+18
5.654267510154557440e+18
5.582074443323414528e+18
5.512114198711372800e+18
5.444386829566775296e+18
5.377374727433939968e+18
5.314609469585307648e+18
5.252006065211607040e+18
5.188002693276691456e+18
5.123258900547690496e+18
5.057986181335274496e+18
4.992361947279187968e+18
4.927806339252790272e+18
4.868753997956899840e+18
4.811315968757846016e+18
4.756428376958667776e+18
4.699971022789101568e+18
4.642424332176957440e+18
4.585878435071716352e+18
4.527304905909824512e+18
4.469100029107993088e+18
4.412251617841850880e+18
4.356251328700457472e+18
4.301201957366937088e+18
4.249608461327507456e+18
4.199017078790552576e+18
4.148357861918053376e+18
4.099784737208453632e+18
4.049978205126258688e+18
3.999335005548018176e+18
3.948799589569153536e+18
3.898019303289585152e+18
3.848239270917687296e+18
3.799369188008091136e+18
3.752138239990374400e+18
3.706185553947856896e+18
3.662967777238487040e+18
3.619907091821459968e+18
3.576803121154743296e+18
3.532338756189693952e+18
3.486717610334895104e+18
3.441245032388206080e+18
3.396556648584456192e+18
3.352671327237527552e+18
3.311926203238972416e+18
3.272268733652493824e+18
3.232904186374883328e+18
3.193942804073787904e+18
3.153822569909156864e+18
3.113938539534776320e+18
3.075044149465069568e+18
3.036711414104544256e+18
2.999248631775493120e+18
2.962027656530174976e+18
2.925090012556986880e+18
2.888306498081495552e+18
2.852369426075868160e+18
2.818409756176507392e+18
2.784184816902884864e+18
2.750459437845718528e+18
2.716814095218649600e+18
2.682161497034701824e+18
2.647884798214560768e+18
2.614802706521105408e+18
2.582776771212443648e+18
2.551564505252272128e+18
2.519567756318214144e+18
2.487312131224333312e+18
2.454923257913556480e+18
2.424618896773651456e+18
2.395935052169817600e+18
2.367907825701894144e+18
2.340630652528660480e+18
2.312161491160094208e+18
2.282950778708263424e+18
2.253994321996308480e+18
2.224414119168868864e+18
2.195791290475028224e+18
2.167496453287547136e+18
2.139480944520561664e+18
2.112893453462421760e+18
2.087750087728367872e+18
2.062987509630580736e+18
2.038619202553301504e+18
2.014230402699115520e+18
1.989330454840508672e+18
1.964236627852829184e+18
1.938446211552438528e+18
1.913202148693778176e+18
1.889130316759545600e+18
1.865922390520135424e+18
1.843921264647959296e+18
1.821611083375350528e+18
1.799652330473025280e+18
1.777518042529036032e+18
1.755795778491072000e+18
1.734005867234162176e+18
1.712693517979668992e+18
1.691341788526395904e+18
1.669712355461851904e+18
1.648734775933321216e+18
1.628305115754230272e+18
1.608109556512015872e+18
1.588301743269702912e+18
1.568223874897928448e+18
1.548655332593726976e+18
1.529235845954059264e+18
1.510278291068220672e+18
1.492282366873328128e+18
1.474230878777371136e+18
1.456197345639518464e+18
1.438048781686317312e+18
1.419771438732068864e+18
1.401608487785474304e+18
1.384138928746848000e+18
1.367479266724604160e+18
1.351198216195492096e+18
1.334568077558878208e+18
1.317563856350370816e+18
1.300575946541901312e+18
1.284352917877487872e+18
1.269030741139667200e+18
1.253567098248472064e+18
1.237698389434883840e+18
1.221640634258070272e+18
1.206370401910263040e+18
1.191754394214974720e+18
1.177866669079278848e+18
1.163693734446601728e+18
1.148926734781641088e+18
1.134335197396838656e+18
1.120216590185194880e+18
1.106540416509790592e+18
1.093068626448867840e+18
1.079509734002246912e+18
1.066042791838629376e+18
1.052682974676356864e+18
1.039461620811337344e+18
1.026486433153366144e+18
1.013679811599321088e+18
1.000858848459367552e+18
9.885910306546723840e+17
9.766716851736921600e+17
9.647789431764634880e+17
9.530166701143157760e+17
9.409372287413648640e+17
9.291046843151449600e+17
9.172565790098695680e+17
9.061396679685523200e+17
8.955248418826196480e+17
8.848821913620640000e+17
8.743571795779608320e+17
8.633336200315848960e+17
8.524237319871664640e+17
8.415268002785267200e+17
8.309300395935850240e+17
8.207929353015265280e+17
8.107978258885867520e+17
8.007467219576906240e+17
7.905354023447174400e+17
7.803810324751747840e+17
7.703831214964207360e+17
7.608292780312682240e+17
7.512457937807112960e+17
7.417577840987156480e+17
7.324288209080981760e+17
7.236336894734371840e+17
7.151388943478599680e+17
7.066504438227773440e+17
6.978415304449917440e+17
6.889580431955964160e+17
6.802830665897795840e+17
6.720908692642563840e+17
6.638335793134178560e+17
6.557430857644567040e+17
6.476003346649969920e+17
6.394542439624755200e+17
6.313378396130757120e+17
6.231898686313985280e+17
6.155486513498402560e+17
6.081611939156051200e+17
6.010184815963073280e+17
5.935583252164564480e+17
5.858314932432529920e+17
5.780972639512855040e+17
5.708764409383615360e+17
5.642215942391274240e+17
5.575725058782219520e+17
5.505893857233361920e+17
5.433925618726530560e+17
5.365309714322284160e+17
5.301200524507125760e+17
5.236102286983950720e+17
5.170457812041367040e+17
5.102387498474510720e+17
5.041204690091852160e+17
4.981024975797911680e+17
4.921886968553754880e+17
4.858380363101261440e+17
4.795131422535486080e+17
4.734416756493873280e+17
4.677473403955627520e+17
4.621596571648583680e+17
4.566385071977570560e+17
4.509455917396560640e+17
4.452798670137128960e+17
4.395704017901188480e+17
4.340829385725068160e+17
4.286083187622369280e+17
4.232871938189409920e+17
4.179854902297234560e+17
4.128113989699682560e+17
4.077885395895296640e+17
4.028161901205922560e+17
3.978420354930579200e+17
3.929557644319252480e+17
3.879827867386499840e+17
3.831232269427838080e+17
3.783450458362156160e+17
3.737117195118693120e+17
3.690350958096739200e+17
3.643591492333975040e+17
3.597464923065268480e+17
3.552494574058609280e+17
3.509846654301149440e+17
3.468262385479621120e+17
3.426574498734335360e+17
3.384063672348461440e+17
3.340337963146742400e+17
3.297519792952315520e+17
3.255971144293000960e+17
3.215876534203029120e+17
3.176888028691837440e+17
3.139864146944315520e+17
3.103411371558654720e+17
3.064787482319728640e+17
3.025056012647110400e+17
2.985327687376303360e+17
2.947660042558056320e+17
2.911888862976009600e+17
2.876272611467102080e+17
2.839645646384620800e+17
2.803619014797898560e+17
2.771565908071973120e+17
2.749216473812953280e+17
2.727985089029297600e+17
2.708352416877748480e+17
2.688451157525129920e+17
2.667675762865187520e+17
2.646765772003075840e+17
2.625406847613890880e+17
2.603869679512178560e+17
2.582259071288543360e+17
2.560662079073802240e+17
2.539080436751594560e+17
2.517690551077482880e+17
2.496836180290884480e+17
2.477196943363571840e+17
2.457891571356646080e+17
2.438714663819304640e+17
2.419537756281965120e+17
2.400360848744625920e+17
2.381183941207286720e+17
2.362007033669944960e+17
2.342830126132605440e+17
2.323653218595265920e+17
2.304476311057926720e+17
2.285299403520584640e+17
2.266122495983245440e+17
2.246945588445905920e+17
2.227768680908564480e+17
2.208608819648275520e+17
2.189538941311653760e+17
2.171254766354783360e+17
2.155833803794577280e+17
2.146912908139257280e+17
2.138313015468418880e+17
2.129713122797579200e+17
2.121113230126739520e+17
2.112513337455900480e+17
2.103913444785061760e+17
2.095313552114222720e+17
2.086713659443382400e+17
2.078113766772543680e+17
2.069513874101704640e+17
2.060913981430865920e+17
2.052314088760025920e+17
2.043714196089187200e+17
2.035114303418348160e+17
2.026514410747507520e+17
2.017914518076668800e+17
2.009314625405830080e+17
2.000714732734990720e+17
1.992114840064150720e+17
1.983514947393311680e+17
1.974915054722472640e+17
1.966315162051634240e+17
1.957715269380793600e+17
1.949115376709954560e+17
1.940515484039116160e+17
1.931915591368276800e+17
1.923315698697436800e+17
1.914715806026598080e+17
1.906115913355759040e+17
1.897516020684920320e+17
1.888916128014080000e+17
1.880316235343240960e+17
1.871716342672402240e+17
1.863116450001562240e+17
1.854516557330723200e+17
1.845916664659883840e+17
1.837316771989045440e+17
1.828716879318205120e+17
1.820116986647366400e+17
1.811517093976527360e+17
1.802917201305688320e+17
1.794317308634848320e+17
1.785717415964008960e+17
1.777117523293170240e+17
1.768517630622331200e+17
1.759917737951491840e+17
1.751317845280652480e+17
1.742717952609813440e+17
1.734118059938973760e+17
1.725518167268134720e+17
1.716918274597296000e+17
1.708318381926456640e+17
1.699718489255616640e+17
1.691118596584777280e+17
1.682518703913938880e+17
1.673918811243099840e+17
1.665318918572259840e+17
1.656719025901420800e+17
1.648119133230581440e+17
1.639519240559742720e+17
