1.955307226094194655e+22
1.939081313338162518e+22
1.919783119883099072e+22
1.898381083972677193e+22
1.875882885925464074e+22
1.853354737762990398e+22
1.831029364922144050e+22
1.809166581554968579e+22
1.787433929424508446e+22
1.766069843406202339e+22
1.745054772312235678e+22
1.724472426988243098e+22
1.703830724432462506e+22
1.683166175927138569e+22
1.662953815220015438e+22
1.642769887479103645e+22
1.623062110867038195e+22
1.603299528766275558e+22
1.584359591932586046e+22
1.565895969857111641e+22
1.547338566427758874e+22
1.528621477394483511e+22
1.510418275445061032e+22
1.492429836130162678e+22
1.474047954650066951e+22
1.456347777022105852e+22
1.438797758767584772e+22
1.421582173737552603e+22
1.404837766593441379e+22
1.388335746133494071e+22
1.372260067692264607e+22
1.355472308655009825e+22
1.339070961732881587e+22
1.322918085886652658e+22
1.306942879607646113e+22
1.291269101763360195e+22
1.275644181730891819e+22
1.260513714550833834e+22
1.245908245878096580e+22
1.231426093470448615e+22
1.216764221371993765e+22
1.201947182912585177e+22
1.187328424173113862e+22
1.173057223268860586e+22
1.158896006232562205e+22
1.145190369072114355e+22
1.131531226747950334e+22
1.118159284554436497e+22
1.104841972713212032e+22
1.091547954834282276e+22
1.078360704313159634e+22
1.065382826571744674e+22
1.052630243265150661e+22
1.040037750390360166e+22
1.027573885804236243e+22
1.015320997141022140e+22
1.003180455173961653e+22
9.912985221568313426e+21
9.795156972288482476e+21
9.677213959440461464e+21
9.561643859456575930e+21
9.448516249237015495e+21
9.335937161744267346e+21
9.223874594511646622e+21
9.114730559057345642e+21
9.005322477258119578e+21
8.897351275182606516e+21
8.791954060373438497e+21
8.686884056258011202e+21
8.582208230003440615e+21
8.480336900366401536e+21
8.379211180073242591e+21
8.279888161647591686e+21
8.181385301143872078e+21
8.083587485525060092e+21
7.987249260409229672e+21
7.891537609943818437e+21
7.797820141685936488e+21
7.705091219279993373e+21
7.613191868869044601e+21
7.521580784436580975e+21
7.431284583829344354e+21
7.342321314726246613e+21
7.254628442353496490e+21
7.167739102432980894e+21
7.081258558235730772e+21
6.995666302392617402e+21
6.911142492700314436e+21
6.827204325413801165e+21
6.744626346709373420e+21
6.663021008485917655e+21
6.583063957176783471e+21
6.503659611721939550e+21
6.424604509389808730e+21
6.345894298803624739e+21
6.268386182097250812e+21
6.192147005910406922e+21
6.116878107202386133e+21
6.041911080044303745e+21
5.967830841095321813e+21
5.894493929553311826e+21
5.822101754509694861e+21
5.750431982843162788e+21
5.680182690606530691e+21
5.610076648971507335e+21
5.541520744794601554e+21
5.473541634558593597e+21
5.406316643382715220e+21
5.340118715221756871e+21
5.274242211032590189e+21
5.209196713999013511e+21
5.145411067160881529e+21
5.081987954776190484e+21
5.018930150178240332e+21
4.956608853159908999e+21
4.896040708472351752e+21
4.835865810253487538e+21
4.775729961052727673e+21
4.716546535751221248e+21
4.658144531314780930e+21
4.600822277331777225e+21
4.544528406362483327e+21
4.488106869205401338e+21
4.432197274113938555e+21
4.377713705215103861e+21
4.324219848834509439e+21
4.270594781966045282e+21
4.217567032383480791e+21
4.165657895415724900e+21
4.114518624544710197e+21
4.063628316929176371e+21
4.013592100479419548e+21
3.964197724426951721e+21
3.915203611698793546e+21
3.866720407530777346e+21
3.819138585761957806e+21
3.772352965713686168e+21
3.726067737743390147e+21
3.680271701871574385e+21
3.635151431199383618e+21
3.590102580586505830e+21
3.545771152414315905e+21
3.502641967604417692e+21
3.459552892515401597e+21
3.416900996443921187e+21
3.374681682472854356e+21
3.333216992005715919e+21
3.292368640164170301e+21
3.252017360475287192e+21
3.212060893664825049e+21
3.172826851835960099e+21
3.133921692947859374e+21
3.095192295533143130e+21
3.057278396830994399e+21
3.020060007388321153e+21
2.983000421653727412e+21
2.946597605726609211e+21
2.910643484370060968e+21
2.874922760689616421e+21
2.840110305988755063e+21
2.805504455869095477e+21
2.770747058607504753e+21
2.736569035172286562e+21
2.703188912648536719e+21
2.670359657975515709e+21
2.637597627640444355e+21
2.605634891383332930e+21
2.574106316394628907e+21
2.542845276592797123e+21
2.512091218587890483e+21
2.481312778383091302e+21
2.450952118113825456e+21
2.420917728407094559e+21
2.391244992376866341e+21
2.362528413112108319e+21
2.333863951721129050e+21
2.305522644200808514e+21
2.277549095780243735e+21
2.249516586188282528e+21
2.222053440432613097e+21
2.195343887801038930e+21
2.168790150061253722e+21
2.142358404217505317e+21
2.116424112619691966e+21
2.090822355348621099e+21
2.065541504093812687e+21
2.040607793749239792e+21
2.015831865247576621e+21
1.991437357723488092e+21
1.967474198495302517e+21
1.943702394623137939e+21
1.920306012280262492e+21
1.897204776492215304e+21
1.874437511848739734e+21
1.851719283288365859e+21
1.829406865052197716e+21
1.807391350486539436e+21
1.785636423392949174e+21
1.764291073877895021e+21
1.742774845975400284e+21
1.721562829508078731e+21
1.700772843446640312e+21
1.680150139862849946e+21
1.659957301157179425e+21
1.640098904907770495e+21
1.620236092373034861e+21
1.600545822664071315e+21
1.581279968929183957e+21
1.562212199832319689e+21
1.543141320835407020e+21
1.524474180319525994e+21
1.506141399485153018e+21
1.488062393749858681e+21
1.470250113565884416e+21
1.452611130227743261e+21
1.435099672195557229e+21
1.417735955828891189e+21
1.400609784603110801e+21
1.383660158383799140e+21
1.366834270313377956e+21
1.350264013581339329e+21
1.333931154374213239e+21
1.317814284052755120e+21
1.301958935570666488e+21
1.286209528476704702e+21
1.270554209296794518e+21
1.255164152616108950e+21
1.240036598187685839e+21
1.225022512075190567e+21
1.210080136334725874e+21
1.195444307137458864e+21
1.180974652195551576e+21
1.166696767947271176e+21
1.152641588648071660e+21
1.138650336785656054e+21
1.124724670375730610e+21
1.111144405985099645e+21
1.097579121571286090e+21
1.084141764117305098e+21
1.070912130719192973e+21
1.057879987655286587e+21
1.044976711320577245e+21
1.032327130002004509e+21
1.019777178282106814e+21
1.007364374447654699e+21
9.951576428879544320e+20
9.831389437628149924e+20
9.711438969164549325e+20
9.591922595883715133e+20
9.475102257313289339e+20
9.358727760892919808e+20
9.244503723446755656e+20
9.131874682431373312e+20
9.020539694134747464e+20
8.909289738477391053e+20
8.801152945037234668e+20
8.694125332777125806e+20
8.587420901868627558e+20
8.481559275216700703e+20
8.378029207518779802e+20
8.275328372758371369e+20
8.174622270830392115e+20
8.074947107667658670e+20
7.975996105421490749e+20
7.877502869034777969e+20
7.781407416392155136e+20
7.685974164521330934e+20
7.592374691454055875e+20
7.499703095732763361e+20
7.408109594911438275e+20
7.317860372296065352e+20
7.227814391801966756e+20
7.139260605532177695e+20
7.052078484274978488e+20
6.965745382772379484e+20
6.880291918900587397e+20
6.795392706942988452e+20
6.712186113210769736e+20
6.630822184255288771e+20
6.549714726702343782e+20
6.469057452687727002e+20
6.389978250785267384e+20
6.311833448988322038e+20
6.234454703821094912e+20
6.158318851105287045e+20
6.082614785066441114e+20
6.007810329876016660e+20
5.934398471401183642e+20
5.861474567508392018e+20
5.790161090306195456e+20
5.719189460773556060e+20
5.648965464167625523e+20
5.580165909924408852e+20
5.511856733725862134e+20
5.444510780462430945e+20
5.377977777054764237e+20
5.312117416697945784e+20
5.247137071092801864e+20
5.183100892259110093e+20
5.119014313178262405e+20
5.056225945240023859e+20
4.994524674579120783e+20
4.933705744606047109e+20
4.873739125631497667e+20
4.814538674435100508e+20
4.755360970651090289e+20
4.696589336331647058e+20
4.639031291776763167e+20
4.582051937474759885e+20
4.525988210776224563e+20
4.470188370260969390e+20
4.415173770498413036e+20
4.361385133917927506e+20
4.307991430098980045e+20
4.255462692116745421e+20
4.202823869097180529e+20
4.150956902324288225e+20
4.100162247334572851e+20
4.050205032607247892e+20
4.000837214994906481e+20
3.951673903536445850e+20
3.903465020392980480e+20
3.856066167891006587e+20
3.808967580710189793e+20
3.761862050954278339e+20
3.715561342374715720e+20
3.669876151441684562e+20
3.625324524384171459e+20
3.581616650391870505e+20
3.537934131889004872e+20
3.494580758418376622e+20
3.452043123555492168e+20
3.409718968267427676e+20
3.367801067977397371e+20
3.326185361041334600e+20
3.285907772258513060e+20
3.245583154552563302e+20
3.205666116700543386e+20
3.166147228756118733e+20
3.127959205302616719e+20
3.089595636299015782e+20
3.051305481091142124e+20
3.013858526596408279e+20
2.977299583284264305e+20
2.941024887837720904e+20
2.904648125223665992e+20
2.869392316938700718e+20
2.834074080488504689e+20
2.799820818698821960e+20
2.765854802394390856e+20
2.731990886846903091e+20
2.698319212253972398e+20
2.665059354172426813e+20
2.632346385757513318e+20
2.600336799615660851e+20
2.567971521140550533e+20
2.537020544217388810e+20
2.506474205506079621e+20
2.475777036722317230e+20
2.445337119193958318e+20
2.415417929038791311e+20
2.385988307920636805e+20
2.356911426100294451e+20
2.327582074489127567e+20
2.299354966976073892e+20
2.271214168930012692e+20
2.243547273041727980e+20
2.216278421917659628e+20
2.189399700667147223e+20
2.162388274821489623e+20
2.136037220570104463e+20
2.110032961494235218e+20
2.084148354545327473e+20
2.058497788919746396e+20
2.032973096933766267e+20
2.008637996416236913e+20
1.984500796974028882e+20
1.959895865066519265e+20
1.936268666737697096e+20
1.912379547097951437e+20
1.889059103948540150e+20
1.865662227878437192e+20
1.843119930785964032e+20
1.820531505437941105e+20
1.798061722081110262e+20
1.776297613788956590e+20
1.754659518954906255e+20
1.733579547613059809e+20
1.712429427456141230e+20
1.691368049886285988e+20
1.670458327207323238e+20
1.650057669890340946e+20
1.629972844308302070e+20
1.609641113222298665e+20
1.590564306230600663e+20
1.571492875898086687e+20
1.551960771941737759e+20
1.533064820366750843e+20
1.514317199377755013e+20
1.496124623473925161e+20
1.477539519438362378e+20
1.459394837648272589e+20
1.441988923692839240e+20
1.424358167647950602e+20
1.407013929971992003e+20
1.389744144548690002e+20
1.372912190202171228e+20
1.355911809720408801e+20
1.339843255094063923e+20
1.323597655444521452e+20
1.306924521884131000e+20
1.291141902881129267e+20
1.275620570552923750e+20
1.260160698754311455e+20
1.244799798403253207e+20
1.229735351249058857e+20
1.214835490542342963e+20
1.200085110981220434e+20
1.185246830715632026e+20
1.170784350353324442e+20
1.156864872090182451e+20
1.142628816756449772e+20
1.128709426022054625e+20
1.114666956720689480e+20
1.101399119191694377e+20
1.088064994970391020e+20
1.074761457986942075e+20
1.062033438147138847e+20
1.049101323789166019e+20
1.036206391404159795e+20
1.023974780949129789e+20
1.011788449253562941e+20
9.994465216621407437e+19
9.872539775165228646e+19
9.752205948367390310e+19
9.633705650829782221e+19
9.513988508478819533e+19
9.398363763179911578e+19
9.282178760373311898e+19
9.170092478004432077e+19
9.058092302430537318e+19
8.952601137379295232e+19
8.846471757701582029e+19
8.738624085528738202e+19
8.633647521645379584e+19
8.527940798551482368e+19
8.424867588135881933e+19
8.323220257540315546e+19
8.220090494136529715e+19
8.122332620893875405e+19
8.025594869626168934e+19
7.927147219993020006e+19
7.829745351642174259e+19
7.735862022558354637e+19
7.641790947754834330e+19
7.549743744980703642e+19
7.462909681322403430e+19
7.372082423542347366e+19
7.280649101131735859e+19
7.192342257431235789e+19
7.105557015358318182e+19
7.018845064394289152e+19
6.932665905697819853e+19
6.849461979987448627e+19
6.765776785143984128e+19
6.686332520100342170e+19
6.606743404257136640e+19
6.527164157454897152e+19
6.447868003441532109e+19
6.369048158706180096e+19
6.293142732541584179e+19
6.215992058942369792e+19
6.140660497323237376e+19
6.066220826754641101e+19
5.991633465617053286e+19
5.918058973001650995e+19
5.845616240923846246e+19
5.777645030671119155e+19
5.710581043805785293e+19
5.641883272559049114e+19
5.574681840331686707e+19
5.507808942034246042e+19
5.440037008220797338e+19
5.374081033587835699e+19
5.309011290711099802e+19
5.243293681402163200e+19
5.178993601204735181e+19
5.114306782376209613e+19
5.053173603171513958e+19
4.994493376456541798e+19
4.934590171030393651e+19
4.875139253902810317e+19
4.816777483753086157e+19
4.757846479272279245e+19
4.700414892050441011e+19
4.643426354992309862e+19
4.586410298781312614e+19
4.529673503804501197e+19
4.476338557919910298e+19
4.423615782675641139e+19
4.370767664011625267e+19
4.318387550256250061e+19
4.266593684813070336e+19
4.215727171296430490e+19
4.165200461715448627e+19
4.114246024228782080e+19
4.063238036487653786e+19
4.013528191103291392e+19
3.966925389969198285e+19
3.920384203678488166e+19
3.872976532447413043e+19
3.826473336764192358e+19
3.780316828769885389e+19
3.736064230230295347e+19
3.690661509328322560e+19
3.645940094255532032e+19
3.601166710442389914e+19
3.559357743421320397e+19
3.518892764395124326e+19
3.476959454657064960e+19
3.434886267289686835e+19
3.392823616899507405e+19
3.350853318012533965e+19
3.309280055521658880e+19
3.269158994197179597e+19
3.231558254976053658e+19
3.194339115065412403e+19
3.156877761690191462e+19
3.119205941976379802e+19
3.081746801473816986e+19
3.044117165090365030e+19
3.006012696919543398e+19
2.968364796560717414e+19
2.930727382179712614e+19
2.894264410070874522e+19
2.858821960432517120e+19
2.824683886855496090e+19
2.792089997907325338e+19
2.759826771715049062e+19
2.727575904426081485e+19
2.695131757961494118e+19
2.662939546554766131e+19
2.630640000466805555e+19
2.597909453520486400e+19
2.565365258497049395e+19
2.533153689823433114e+19
2.501258904346626048e+19
2.470149544492548915e+19
2.439883836675710566e+19
2.410551089013635891e+19
2.381858273331403981e+19
2.353239103967677645e+19
2.325296876487260570e+19
2.297421031335980646e+19
2.269746142991301427e+19
2.242136423851632640e+19
2.214731187944523366e+19
2.187294122958359757e+19
2.159671299461782323e+19
2.132048135252106854e+19
2.105373264713809920e+19
2.078913652800332186e+19
2.053964270074508493e+19
2.029622425378032845e+19
2.005793108284469658e+19
1.981425730809001165e+19
1.957506343875514368e+19
1.933367611502677197e+19
1.909410134595747430e+19
1.885293919660485837e+19
1.861678623727979725e+19
1.838914512348872294e+19
1.816351810783993651e+19
1.794413380714075546e+19
1.773328997122883789e+19
1.752277368888055194e+19
1.731291767414977331e+19
1.710010150888819098e+19
1.688637000002639462e+19
1.667274459223163904e+19
1.646570172830344806e+19
1.625999024583165747e+19
1.605779639632532685e+19
1.586332248268556902e+19
1.567379100054989824e+19
1.548576590542241178e+19
1.529796110508864922e+19
1.510822262732001280e+19
1.491605502253580698e+19
1.472511638433358438e+19
1.453720312864173670e+19
1.435373297302666035e+19
1.417434005275431936e+19
1.399881144855933952e+19
1.383797936395124326e+19
1.367795645396128154e+19
1.351551366478895923e+19
1.334940355492484710e+19
1.318597453874814157e+19
1.302247397611962573e+19
1.285660428815421235e+19
1.269234240896217702e+19
1.253352317331656909e+19
1.237631875276577792e+19
1.222528382443808563e+19
1.207690148630258483e+19
1.192894980363969946e+19
1.178446224498599526e+19
1.163720602516387840e+19
1.149137733606701466e+19
1.134657302193615258e+19
1.120478381200543744e+19
1.106678841675987968e+19
1.093273897157745459e+19
1.079928445761667072e+19
1.066511788002699469e+19
1.053073236399611904e+19
1.039767103478946406e+19
1.026678847112695603e+19
1.014105868418806989e+19
1.001843106926973747e+19
9.899080221441839104e+18
9.779481822899136512e+18
9.656622356119638016e+18
9.533012557916043264e+18
9.407790609591060480e+18
9.286048253238827008e+18
9.166400556557379584e+18
9.049882009781388288e+18
8.939951509905796096e+18
8.833949821368282112e+18
8.728968355817101312e+18
8.626039174635887616e+18
8.522770053182709760e+18
8.415627709451107328e+18
8.306163198482711552e+18
8.196128187602177024e+18
8.090350899980840960e+18
7.992038363301605376e+18
7.899086702430935040e+18
7.808865865159459840e+18
7.717901449165140992e+18
7.623963947805904896e+18
7.526311032141711360e+18
7.427237449642766336e+18
7.327552188758880256e+18
7.230838198839485440e+18
7.138789278018028544e+18
7.053151976108291072e+18
6.970227587821609984e+18
6.887919083268302848e+18
6.806257302903163904e+18
6.721995358373507072e+18
6.636334764729190400e+18
6.550208918756317184e+18
6.463857137994352640e+18
6.378896818977359872e+18
6.298301095700343808e+18
6.219423524524952576e+18
6.143696026713127936e+18
6.071685007031720960e+18
6.001158009092632576e+18
5.930213240965488640e+18
5.858116718604639232e+18
5.784416835059519488e+18
5.709985499825420288e+18
5.636935260667073536e+18
5.568284747409923072e+18
5.502281913380331520e+18
5.437788602106427392e+18
5.373777575530143744e+18
5.308505783573164032e+18
5.241929305043867648e+18
5.175523587928298496e+18
5.110243600119827456e+18
5.045388802739540992e+18
4.983050387969471488e+18
4.924105975909684224e+18
4.865003628653076480e+18
4.805226413648541696e+18
4.745823994556666880e+18
4.685033571946296320e+18
4.624684849633259520e+18
4.565643121541881344e+18
4.508096327936566272e+18
4.454822653837763072e+18
4.401962423391377408e+18
4.349628427709416448e+18
4.295783449524825088e+18
4.241022307879560192e+18
4.186843372650703872e+18
4.132841387275951104e+18
4.081319732487413248e+18
4.032420574367307264e+18
3.984491657110440448e+18
3.936399066101302272e+18
3.888431181852715008e+18
3.839903197745713664e+18
3.791544173546551296e+18
3.742190474739590656e+18
3.693932366689650176e+18
3.646704808581793280e+18
3.601787979274931712e+18
3.558647109161074176e+18
3.517132941894332416e+18
3.475720927257189888e+18
3.432596735567543296e+18
3.388765287387457536e+18
3.345292119614953984e+18
3.302823561822870016e+18
3.262588479924118016e+18
3.224684111209472512e+18
3.186394476271524352e+18
3.147767828141657600e+18
3.108812990953423360e+18
3.069152277043153920e+18
3.030454315397632512e+18
2.991777371641453056e+18
2.954077433197876224e+18
2.917699138052122112e+18
2.881257031834305536e+18
2.844688626031857664e+18
2.810008421340908544e+18
2.776025160817327104e+18
2.742391540384664064e+18
2.708968525268558336e+18
2.675663635215412224e+18
2.642274106408626176e+18
2.609146165161072128e+18
2.576026063979609600e+18
2.542624683207835648e+18
2.512005790882515968e+18
2.482463870615803904e+18
2.452770663234589184e+18
2.422770054839604224e+18
2.392934827516866048e+18
2.363015951319057408e+18
2.333316796539857408e+18
2.304100164598861056e+18
2.274817893724290048e+18
2.245921263029936640e+18
2.218180906731438336e+18
2.191128051057062400e+18
2.163942130166149632e+18
2.137333719090334720e+18
2.111445137525715200e+18
2.085900594717819648e+18
2.059740581986297088e+18
2.034508733312875008e+18
2.009938892034833664e+18
1.985326651842913792e+18
1.961171348597266176e+18
1.937493725738171904e+18
1.914352175076655360e+18
1.891323347120910080e+18
1.867588494037191936e+18
1.844635499500593408e+18
1.822414165907536896e+18
1.799415285501107200e+18
1.776920809899856896e+18
1.755413218726817792e+18
1.734023170512165120e+18
1.712979374642699264e+18
1.692037860026913792e+18
1.671227095118543360e+18
1.650696238534358784e+18
1.630186318184773632e+18
1.610119021802870272e+18
1.590601572648382208e+18
1.570858652774443520e+18
1.551169412282719488e+18
1.532144659532479744e+18
1.513223113416417792e+18
1.495354681784817152e+18
1.477578046456269056e+18
1.459695279640527616e+18
1.441737506828729344e+18
1.423703050133144576e+18
1.405621484906459136e+18
1.387772686971848192e+18
1.370016995716541440e+18
1.353049767639947776e+18
1.336754566620402688e+18
1.320456560290715392e+18
1.304406257480903680e+18
1.288485275563444224e+18
1.272381469656962304e+18
1.256513208178629120e+18
1.240854881322711552e+18
1.225255063332794880e+18
1.209829289788767744e+18
1.194427216938248448e+18
1.179153443921730560e+18
1.164585477493026048e+18
1.150476866886146688e+18
1.136846062771846272e+18
1.123224597120950272e+18
1.109448985498030976e+18
1.095593842225409536e+18
1.081878477840257024e+18
1.068447788480038656e+18
1.055127774086776576e+18
1.042153364516425472e+18
1.029113100510086272e+18
1.016209371753877248e+18
1.003610923380764544e+18
9.911793996696224000e+17
9.792010372462334720e+17
9.674553336345770240e+17
9.555308748830819840e+17
9.437306370401675520e+17
9.317817585204043520e+17
9.198599835749875200e+17
9.082175518235823360e+17
8.969019472254688000e+17
8.857568393154242560e+17
8.751449532134854400e+17
8.647786756068101120e+17
8.542163003700311040e+17
8.438661954064532480e+17
8.333280211854112000e+17
8.227885245986760960e+17
8.125688491327549440e+17
8.024480626847185920e+17
7.923140981331152640e+17
7.823828816561767680e+17
7.725629531698951680e+17
7.630226925527233280e+17
7.541214836143308800e+17
7.452646928453201920e+17
7.364136011930210560e+17
7.271578798457121280e+17
7.177517891845135360e+17
7.085089410875653120e+17
6.993861281754515200e+17
6.907325189536999680e+17
6.823782426487269120e+17
6.740754882232327680e+17
6.659894891176335360e+17
6.579977421134547200e+17
6.498323832355722240e+17
6.416754060844263680e+17
6.334737110516482560e+17
6.254338505235445760e+17
6.176712164179317760e+17
6.102466359594810880e+17
6.028522840576624640e+17
5.955318107083155200e+17
5.883661917403630080e+17
5.810879485410522880e+17
5.738057780609583360e+17
5.666378275502853760e+17
5.594494723112757760e+17
5.523666961833933440e+17
5.454708695468822400e+17
5.387779076198753920e+17
5.324073072277759360e+17
5.262559399936638080e+17
5.199978993497197440e+17
5.137212016728011520e+17
5.072798740205465600e+17
5.006489654429657600e+17
4.941010788203795840e+17
4.875707261924726400e+17
4.814359065288351360e+17
4.757745270650005760e+17
4.701668758649979520e+17
4.645679673556435200e+17
4.589433067529506560e+17
4.531362686123263360e+17
4.472933143594404480e+17
4.414435677486007040e+17
4.356428333267560960e+17
4.301810461378983040e+17
4.250531074443791360e+17
4.200854200813255680e+17
4.151462842542951040e+17
4.102434638053751040e+17
4.050722957280181120e+17
3.998539481112163840e+17
3.946650484558442240e+17
3.894767295873733120e+17
3.845400427569832320e+17
3.797247817428759680e+17
3.749473312449415680e+17
3.703138118013071360e+17
3.659323064253988480e+17
3.615881223913264640e+17
3.573162091012753920e+17
3.530511881810240000e+17
3.487191346715758080e+17
3.442743172915889280e+17
3.398766155706576000e+17
3.354703150308680320e+17
3.312275268509363840e+17
3.272086935960912640e+17
3.232331900677706240e+17
3.193316859560081280e+17
3.153878084626214400e+17
3.113567321013130880e+17
3.073297278989232000e+17
3.032554096526329600e+17
2.993512634547565440e+17
2.960198967217980800e+17
2.929541415117128960e+17
2.901391500155811200e+17
2.874338014540106880e+17
2.849118737633499200e+17
2.824360213790716160e+17
2.799064944391560960e+17
2.774549783495165120e+17
2.750407135335436800e+17
2.725939201378861440e+17
2.701505936712033600e+17
2.676932653952732160e+17
2.652236092417352320e+17
2.627505155060237760e+17
2.602759338384385280e+17
2.578016531516522240e+17
2.554854686336484800e+17
2.533805450351091840e+17
2.513617523342501120e+17
2.493842870891785600e+17
2.474290726717194240e+17
2.454760598389223040e+17
2.435230470061253760e+17
2.415700341733285440e+17
2.396170213405317120e+17
2.376640085077345600e+17
2.357109956749376960e+17
2.337579828421407680e+17
2.318049700093439360e+17
2.298519571765467840e+17
2.278989443437500160e+17
2.259459315109530880e+17
2.239929186781559360e+17
2.220399058453590720e+17
2.201043355354374720e+17
2.182727185132774720e+17
2.171206180174999360e+17
2.162126768066194560e+17
2.153206758062857920e+17
2.144286748059520960e+17
2.135366738056182720e+17
2.126446728052846400e+17
2.117526718049509440e+17
2.108606708046172160e+17
2.099686698042834240e+17
2.090766688039497280e+17
2.081846678036160960e+17
2.072926668032824320e+17
2.064006658029486080e+17
2.055086648026149120e+17
2.046166638022812160e+17
2.037246628019474240e+17
2.028326618016137600e+17
2.019406608012800320e+17
2.010486598009463360e+17
2.001566588006126080e+17
1.992646578002788800e+17
1.983726567999451520e+17
1.974806557996115200e+17
1.965886547992776960e+17
1.956966537989440320e+17
1.948046527986103360e+17
1.939126517982766400e+17
1.930206507979428480e+17
1.921286497976091840e+17
1.912366487972754240e+17
1.903446477969417920e+17
1.894526467966080000e+17
1.885606457962742720e+17
1.876686447959406400e+17
1.867766437956068480e+17
1.858846427952731200e+17
1.849926417949394560e+17
1.841006407946057920e+17
1.832086397942719680e+17
1.823166387939382720e+17
1.814246377936046080e+17
1.805326367932709440e+17
1.796406357929371200e+17
1.787486347926033920e+17
1.778566337922697600e+17
1.769646327919360640e+17
1.760726317916022400e+17
1.751806307912686080e+17
1.742886297909348800e+17
1.733966287906010560e+17
1.725046277902674240e+17
1.716126267899337280e+17
1.707206257896000320e+17
1.698286247892662400e+17
1.689366237889325440e+17
1.680446227885988800e+17
1.671526217882651840e+17
1.662606207879313600e+17
1.653686197875976640e+17
1.644766187872640000e+17
1.635846177869303040e+17
