1.950251253187966979e+22
1.937616154156972638e+22
1.921181636177539210e+22
1.900361135503435629e+22
1.877766041126925291e+22
1.855009825539053375e+22
1.832383388600100507e+22
1.810606708453214991e+22
1.788844860770815993e+22
1.767400787651153048e+22
1.746217088754300381e+22
1.725159285732002287e+22
1.704443493876110669e+22
1.683750645720205283e+22
1.663042108474863806e+22
1.642970239428967845e+22
1.622966269052574918e+22
1.603358569497000254e+22
1.583974818732800842e+22
1.564776481267968167e+22
1.545982579013974177e+22
1.527368266697510434e+22
1.508789296674909245e+22
1.490379503632335975e+22
1.472152879896013570e+22
1.454295740283107043e+22
1.436616826625036858e+22
1.419330429880209768e+22
1.402240144143945407e+22
1.385257464554512712e+22
1.368486500156037923e+22
1.351943710910459150e+22
1.335666485964260036e+22
1.319423785859209495e+22
1.303281277669674582e+22
1.287296687090242578e+22
1.271401263133852120e+22
1.255692478803412727e+22
1.240280914198664944e+22
1.225009095777162206e+22
1.209885295960865846e+22
1.195092329522448145e+22
1.180538343845336082e+22
1.166350178893818338e+22
1.152282496189242488e+22
1.138281567197487694e+22
1.124482757655426970e+22
1.110883503532005130e+22
1.097305717532349012e+22
1.083877113339850208e+22
1.070701546696144742e+22
1.057544442239122198e+22
1.044357194868682287e+22
1.031456739183223741e+22
1.018682036962337174e+22
1.006087875701178053e+22
9.935559412050129060e+21
9.812544267192132174e+21
9.690443360874941907e+21
9.569052774925735035e+21
9.450799141275417182e+21
9.334465610369685520e+21
9.219818702883851862e+21
9.106449501479753482e+21
8.994983213038624047e+21
8.884523386779732017e+21
8.775876302606217249e+21
8.667365384933323309e+21
8.559255685532672328e+21
8.452168649907356303e+21
8.346088965627384431e+21
8.241378550896830448e+21
8.137515498789370069e+21
8.036957400994974532e+21
7.937096986655119639e+21
7.837523048205759021e+21
7.738643826653760848e+21
7.642263370363838661e+21
7.547721102012421505e+21
7.453724588523620663e+21
7.360612699420394258e+21
7.269636697238890611e+21
7.180224173886779949e+21
7.090831360615806665e+21
7.002221078860460458e+21
6.914041694759441924e+21
6.826787455285638201e+21
6.740430294110259118e+21
6.655271299808706429e+21
6.572385826444591235e+21
6.489947225362484167e+21
6.409562224446040703e+21
6.329363779215831335e+21
6.249693731164954558e+21
6.171600004362518135e+21
6.093568854546022662e+21
6.016295864942604583e+21
5.940472985888412926e+21
5.864867437978746618e+21
5.790640603925023031e+21
5.719707997907425690e+21
5.649143304847278211e+21
5.579267560009442001e+21
5.510200650561720680e+21
5.440938238046476698e+21
5.372140620481366589e+21
5.304210183808623837e+21
5.237843384931823124e+21
5.171056189750364865e+21
5.104542678592179405e+21
5.040238389601853506e+21
4.976544419517534568e+21
4.913297808026423525e+21
4.850826566791416775e+21
4.789435217754272563e+21
4.728372436797973594e+21
4.668399900540677915e+21
4.609850500299707384e+21
4.552213693407609487e+21
4.494976303724860801e+21
4.439060198841924452e+21
4.383415871948228395e+21
4.328201650958531822e+21
4.273646535333074436e+21
4.219749339563765531e+21
4.165883872688424354e+21
4.112874221637278892e+21
4.060068979500333924e+21
4.008788479080410382e+21
3.957903196301385794e+21
3.907513321881816531e+21
3.856640535438048100e+21
3.806989471409003561e+21
3.758122199102699078e+21
3.709670076460779962e+21
3.662429176237056852e+21
3.615814185498309034e+21
3.569417379592154907e+21
3.524571504204112724e+21
3.480807906676811760e+21
3.436851229618493981e+21
3.393505557390138802e+21
3.350443498179025961e+21
3.308087317462912598e+21
3.265937849681118757e+21
3.223752518373240996e+21
3.182177181988463575e+21
3.141073886233468862e+21
3.100156865569030144e+21
3.059625758893313360e+21
3.019313962269553459e+21
2.979882111849421341e+21
2.941475875762946966e+21
2.903102893201081500e+21
2.865841068631538008e+21
2.828615199666431590e+21
2.791777674157005734e+21
2.756676161413438243e+21
2.721608159789542539e+21
2.687151471752772059e+21
2.653211327152708911e+21
2.618951384954081640e+21
2.585213567142073467e+21
2.551755458959615984e+21
2.518324042460376334e+21
2.485908727532162122e+21
2.453372604984242209e+21
2.421099302507621908e+21
2.389206646146166948e+21
2.357278240706022081e+21
2.326150627149298794e+21
2.294970042443447402e+21
2.264862422542319092e+21
2.235112460694688104e+21
2.205306406263173677e+21
2.176438609977768411e+21
2.148258800540325511e+21
2.120631677681156489e+21
2.093363826232084922e+21
2.066033195081391931e+21
2.038923113312381829e+21
2.012369440322696249e+21
1.986090159849075114e+21
1.959854905434278986e+21
1.934142021970802508e+21
1.908382012097842905e+21
1.882413042335478186e+21
1.857316356150432629e+21
1.831834768297052078e+21
1.806586308486559957e+21
1.781841039353260278e+21
1.757774969940877509e+21
1.734174583909091901e+21
1.710771324579251749e+21
1.688077381310630593e+21
1.665662864555231674e+21
1.643937548032497943e+21
1.622440676854402122e+21
1.600810982477755843e+21
1.579342549406890328e+21
1.558044365682621809e+21
1.537123859219137167e+21
1.516114849640138932e+21
1.495392694495773458e+21
1.474779320592702636e+21
1.454175986687051563e+21
1.433947681982626398e+21
1.414038520944768057e+21
1.394177892293151293e+21
1.374867889746139152e+21
1.355655466792475427e+21
1.336914703134332551e+21
1.318886340097733820e+21
1.301347244754863129e+21
1.283816547770219102e+21
1.266887321385234334e+21
1.250232552513507951e+21
1.233433862063313650e+21
1.216877389666401124e+21
1.200447832981641888e+21
1.183902154962282742e+21
1.167519438495480152e+21
1.151093125138227659e+21
1.134913538267057095e+21
1.119085794373313102e+21
1.103014083137475052e+21
1.086904733989282120e+21
1.070601312703032328e+21
1.054958969350733431e+21
1.039882676931277095e+21
1.024581731270120833e+21
1.010026592232497086e+21
9.960574857363415368e+20
9.822343057180154921e+20
9.686854730987769692e+20
9.554756479464802877e+20
9.423909399317585592e+20
9.291306402511354593e+20
9.162589425776112435e+20
9.033217297247097324e+20
8.901811393458792038e+20
8.773333538059959665e+20
8.644736019759598141e+20
8.514338979148327813e+20
8.387333477908177224e+20
8.254840391905315389e+20
8.125907229283368305e+20
8.003380412778421944e+20
7.884243501506321449e+20
7.765455122754894561e+20
7.650168272137481093e+20
7.541962681265354179e+20
7.432890920165993349e+20
7.326433748502518170e+20
7.223545012469615821e+20
7.121759911828607468e+20
7.018930946494258217e+20
6.915760562346033152e+20
6.814013560188602941e+20
6.711229923204937810e+20
6.608231725879044342e+20
6.507954856096422953e+20
6.404963166484390216e+20
6.300920361065874719e+20
6.198625579568661791e+20
6.095626339933597204e+20
5.995752457681840374e+20
5.901141058122119250e+20
5.803209559180728730e+20
5.713991878410414326e+20
5.628602854285311345e+20
5.545306456418660516e+20
5.460789774316539085e+20
5.380825809623863132e+20
5.300180677864479130e+20
5.221725461225650258e+20
5.140673289928592589e+20
5.060296709953623163e+20
4.981150526719881380e+20
4.898692025939343442e+20
4.815114535604196475e+20
4.734371415232207258e+20
4.653572642048800195e+20
4.566486146382966292e+20
4.484045188378161316e+20
4.404158471816574403e+20
4.326840845474514207e+20
4.252550402690679439e+20
4.182227662369167770e+20
4.114296131805155164e+20
4.049038145781567324e+20
3.983700794629260575e+20
3.919179083772582953e+20
3.855056292735114936e+20
3.792619768030429839e+20
3.726078424539690435e+20
3.662570738652046950e+20
3.598933505814904177e+20
3.532181090720951828e+20
3.465399726610960876e+20
3.399730175818332897e+20
3.332756660477238313e+20
3.267210476936194294e+20
3.201060126469697700e+20
3.138132104301494272e+20
3.080909174427062764e+20
3.023470803733642609e+20
2.972175646133923348e+20
2.921478592308475658e+20
2.873779899076348805e+20
2.826603022436342497e+20
2.780006919466127852e+20
2.734441178433400340e+20
2.689545781756781527e+20
2.640783872821273231e+20
2.593918583851353047e+20
2.547441177182574674e+20
2.497222016494493041e+20
2.447463619385512755e+20
2.395017929957590958e+20
2.342605875473668506e+20
2.290050913559735173e+20
2.237331859703449518e+20
2.184455084764717711e+20
2.133333670345003172e+20
2.084414642426810860e+20
2.040429697888150815e+20
1.998388010196968735e+20
1.960681796207341076e+20
1.921544733675914854e+20
1.883980462621443359e+20
1.848258324679319880e+20
1.812726163686066749e+20
1.775793687656125563e+20
1.739625658646087926e+20
1.701641740433657037e+20
1.662726232321232732e+20
1.623031362446355988e+20
1.581270432528792289e+20
1.540921623915556700e+20
1.496411009745949491e+20
1.452894145070501560e+20
1.410832367196170158e+20
1.369089907598568161e+20
1.332123016455981138e+20
1.295932742352010609e+20
1.262860773881017795e+20
1.233114023980106875e+20
1.204575467997193175e+20
1.176873204824801608e+20
1.149436285525190738e+20
1.121370159764392673e+20
1.093683614591483249e+20
1.065924224794102333e+20
1.036809493197374587e+20
1.004862335017068626e+20
9.731471007262366106e+19
9.412147150929243341e+19
9.079882763620815667e+19
8.736109197055872205e+19
8.380711248004867686e+19
8.039408201068294963e+19
7.732280385053689446e+19
7.427351132729540608e+19
7.156013129860476928e+19
6.924905823208532378e+19
6.706176459080442675e+19
6.499734773122093056e+19
6.311495936384363725e+19
6.127091079541669069e+19
5.941112294116249600e+19
5.742281230655424922e+19
5.547289918953794765e+19
5.337199445091272294e+19
5.118468746998529229e+19
4.888032578224467149e+19
4.627452385076273971e+19
4.374499177020699443e+19
4.102572260948268646e+19
3.821451009126457344e+19
3.558433183897479987e+19
3.270298366844650701e+19
3.033929530546470502e+19
2.828785965851503411e+19
2.643595305073780326e+19
2.493208670967225958e+19
2.352998287026982912e+19
2.231770241557096858e+19
2.120001321259427840e+19
2.014630218402691482e+19
1.910543012854391194e+19
1.811931725828683162e+19
1.701174244582403686e+19
1.597636582747033600e+19
1.482377111508849254e+19
1.366822183577014682e+19
1.250291828294319718e+19
1.125670448216551424e+19
9.871018336790925312e+18
8.555507193435039744e+18
7.351515492431927296e+18
6.255975566746978304e+18
5.377814367217622016e+18
4.554667297623302656e+18
3.951418674967770112e+18
3.437693720099902976e+18
2.994193968393481216e+18
2.654407108702962688e+18
2.376319712845513216e+18
2.132891373858108160e+18
1.935030119027592192e+18
1.764054373811975424e+18
1.624277569548807424e+18
1.497899925245141504e+18
1.395975110369642752e+18
1.298157311639287552e+18
1.212012623658469888e+18
1.132133395621024640e+18
1.068069865150836352e+18
1.009383115768823168e+18
9.579829547792247040e+17
9.100685826647136000e+17
8.656836059679589120e+17
8.212230660263109120e+17
7.813866764194092800e+17
7.426136406905098240e+17
7.077483898526330880e+17
6.780741918770661120e+17
6.489378412797667840e+17
6.234123337464833280e+17
5.988364687563584000e+17
5.762981744169189760e+17
5.549733220463504640e+17
5.336797284418623360e+17
5.127673793880682240e+17
4.926027729807633280e+17
4.736136076895258880e+17
4.570602008323617920e+17
4.417156220612367360e+17
4.272540108658484480e+17
4.142218869055461120e+17
4.010088045950782080e+17
3.875409757187868160e+17
3.741250368797815680e+17
3.605954474457695360e+17
3.480864000577804800e+17
3.372139266837098240e+17
3.263911194933610240e+17
3.165429569698647040e+17
3.075255753442526720e+17
2.986446075874349440e+17
2.900163231086856960e+17
2.812481110979989760e+17
2.723830839051318080e+17
2.636446685954416320e+17
2.559394719631197760e+17
2.491873352768584640e+17
2.425387319536201280e+17
2.360184627908860800e+17
2.295423592395251840e+17
2.228754145083507520e+17
2.162199112549220800e+17
2.102293344722146880e+17
2.043265436632326080e+17
1.989759153733008960e+17
1.939131324255027840e+17
1.886449521724451200e+17
1.833290957071702080e+17
1.779993850093527360e+17
1.728780800605314240e+17
1.681169486457585920e+17
1.636262811045961600e+17
1.596283109100743680e+17
1.559746543919001280e+17
1.522723958147149440e+17
1.484422341524231360e+17
1.444588295286098880e+17
1.402720138339253120e+17
1.364075882489683040e+17
1.327589910003425600e+17
1.293449407014358560e+17
1.263702656121318560e+17
1.233099791131951360e+17
1.202607383653913120e+17
1.171445284703851680e+17
1.139627136776491840e+17
1.110510394213264320e+17
1.081838684114108160e+17
1.054404028440192640e+17
1.030741070388272480e+17
1.006885935586163040e+17
9.832938374982592000e+16
9.584185650461667200e+16
9.331605703634667200e+16
9.092611320663550400e+16
8.853188431432896000e+16
8.625358225956105600e+16
8.418456197187414400e+16
8.209684845792166400e+16
8.002062377696244800e+16
7.796450721215177600e+16
7.597098375203620800e+16
7.409516574538838400e+16
7.228583270465785600e+16
7.049133487000992000e+16
6.888290559382292000e+16
6.737923664331924800e+16
6.587537267168638400e+16
6.435427748959140800e+16
6.270211728154193600e+16
6.110247598550495200e+16
5.950424978521172000e+16
5.792946245119168000e+16
5.651436088818804000e+16
5.508822045272620000e+16
5.374477646785320000e+16
5.241215862563856800e+16
5.109649990527836000e+16
4.987205834389708800e+16
4.868931042281592800e+16
4.750721666364234400e+16
4.634723563178778400e+16
4.519164104238040800e+16
4.412332170489470400e+16
4.312791159198745600e+16
4.219176679099213600e+16
4.124991917038728800e+16
4.020358894113672000e+16
3.915635232061526400e+16
3.809769789730390400e+16
3.705699756879160000e+16
3.607527415011923200e+16
3.514308891670655200e+16
3.424954252006632800e+16
3.342104989227362800e+16
3.266803401873882800e+16
3.190668420455458000e+16
3.115262378305774400e+16
3.038986020340163600e+16
2.962867442208739600e+16
2.889263061110949600e+16
2.820020250641002800e+16
2.753402427246224000e+16
2.693414918708000400e+16
2.634801736639168400e+16
2.574782112280662400e+16
2.510835829575009200e+16
2.444144187606345600e+16
2.375953617709458000e+16
2.311815415723460400e+16
2.251632546928472800e+16
2.193982427987879200e+16
2.139057321895440000e+16
2.086602196164000800e+16
2.034896843043479600e+16
1.983843531042972800e+16
1.934799915263829600e+16
1.886337576792635600e+16
1.837779169155210400e+16
1.793553320030514800e+16
1.753602608149376200e+16
1.715385651854425200e+16
1.678089365867584400e+16
1.639613793861409400e+16
1.597307990273865000e+16
1.554386936452733600e+16
1.511134560517334400e+16
1.468055996257695600e+16
1.425689020241768400e+16
1.391755087706929200e+16
1.359722162159758000e+16
1.327644186801997000e+16
1.295768017196305000e+16
1.263980644852328200e+16
1.230356254293447200e+16
1.197059349710271000e+16
1.163941669814134600e+16
1.130900203244696200e+16
1.102173703101503400e+16
1.076711733366617600e+16
1.051396753231353200e+16
1.026307480866967200e+16
1.001660210763175800e+16
9.757520081178168000e+15
9.495734567076550000e+15
9.233585057258204000e+15
8.976508474391240000e+15
8.740589570947843000e+15
8.521637096115837000e+15
8.310404064897748000e+15
8.105184352655343000e+15
7.902188484802069000e+15
7.693176853402195000e+15
7.486568690959520000e+15
7.288265429623806000e+15
7.090115348009055000e+15
6.907934239277534000e+15
6.732691764469816000e+15
6.565265403900112000e+15
6.401535528348979000e+15
6.235800051643594000e+15
6.068549683564786000e+15
5.907404938256764000e+15
5.751602611201370000e+15
5.599005337787759000e+15
5.455382042258667000e+15
5.314097301845614000e+15
5.176737131061327000e+15
5.042625833596597000e+15
4.913322969601654000e+15
4.785233739401884000e+15
4.664599247542935000e+15
4.544844214480745000e+15
4.422544648514729500e+15
4.301736538172840000e+15
4.187834372733252500e+15
4.076337938453646000e+15
3.972432359467372500e+15
3.869219657825016500e+15
3.767240095374919000e+15
3.671157873588115000e+15
3.579213346265523000e+15
3.488231943282332000e+15
3.398021606418241000e+15
3.310669875208925000e+15
3.221790504470624000e+15
3.133456872500606500e+15
3.046209163799185000e+15
2.961817580487184000e+15
2.884313585020115500e+15
2.807533589694810000e+15
2.732119722863801500e+15
2.661142697207557500e+15
2.599257730230857000e+15
2.537137115705532000e+15
2.474689911461175000e+15
2.411245111177160000e+15
2.348329048828823000e+15
2.283847567469557000e+15
2.220213563234134250e+15
2.161729321473599500e+15
2.104087990357246500e+15
2.049394117068430500e+15
1.996509187347980000e+15
1.942922381636598500e+15
1.889281166833535750e+15
1.838234283884292000e+15
1.788522276134109000e+15
1.740200231468830750e+15
1.692814384054867250e+15
1.649409753250120250e+15
1.606951846694489750e+15
1.565454363798770500e+15
1.524901626310841250e+15
1.485361924609766750e+15
1.446021712961617750e+15
1.408557733233702000e+15
1.372374577702542000e+15
1.336787062949136750e+15
1.302131641172848750e+15
1.267066446629109000e+15
1.231372389815624500e+15
1.197402759195229000e+15
1.164395929584273000e+15
1.132389299697196750e+15
1.102317261230596375e+15
1.072902003096320375e+15
1.043455561181775375e+15
1.014962919849250625e+15
9.882440630332433750e+14
9.621337535152912500e+14
9.383182121590170000e+14
9.148343769159973750e+14
8.908993420702986250e+14
8.666679840070520000e+14
8.431249031683293750e+14
8.196754126836800000e+14
7.964057317091528750e+14
7.758241744438502500e+14
7.562581906904118750e+14
7.376436970038868750e+14
7.189291009330598750e+14
7.001578633162800000e+14
6.817982954348411250e+14
6.630536327963751250e+14
6.443350942914718750e+14
6.261306004411575000e+14
6.087839784919081250e+14
5.916529042688358750e+14
5.761761085641403750e+14
5.616088168968041250e+14
5.475841059768784375e+14
5.342455480167978125e+14
5.206527838521783750e+14
5.068572259628329375e+14
4.929211462125583125e+14
4.787918029348281250e+14
4.650820417590279375e+14
4.515746015067270625e+14
4.391871242375396875e+14
4.274949621484476250e+14
4.168389040835511875e+14
4.062090803862158125e+14
3.955647565594010000e+14
3.847005799206202500e+14
3.740150694830108750e+14
3.634139340745636250e+14
3.529223349718076875e+14
3.428173066213241875e+14
3.338985324985172500e+14
3.253110318674753125e+14
3.167433915695401875e+14
3.082608886694141875e+14
2.997918339604852500e+14
2.915156983011180000e+14
2.834822859548925625e+14
2.754602572460407188e+14
2.678145747507416875e+14
2.605620230939235000e+14
2.536449980386805625e+14
2.467721872863173750e+14
2.402587261507225312e+14
2.341264430001339688e+14
2.279417051659689688e+14
2.218426083796065938e+14
2.159056414065161875e+14
2.098427202940173750e+14
2.038239414064202812e+14
1.982361831925451250e+14
1.928207251061487500e+14
1.878554589943597500e+14
1.829024476517261875e+14
1.779954076050840000e+14
1.730185422164464062e+14
1.683041970518750312e+14
1.637431046959250312e+14
1.592339969525486562e+14
1.551069020289966875e+14
1.510644037049341562e+14
1.469847278389157812e+14
1.429138112357620000e+14
1.387783718683820312e+14
1.349064092700617031e+14
1.311317433178745781e+14
1.274095803586317031e+14
1.239114657969031406e+14
1.207379919675512500e+14
1.175939681135357500e+14
1.145199978333469219e+14
1.114712109417128750e+14
1.084684690585552344e+14
1.054869847432378906e+14
1.024859094992155625e+14
9.957976959963726562e+13
9.685118985315228125e+13
9.418529359034795312e+13
9.165763470732631250e+13
8.919816715893839062e+13
8.686374147517993750e+13
8.456869464426773438e+13
8.227979218892585938e+13
8.000011435367828125e+13
7.782797738616579688e+13
7.570793432337231250e+13
7.358551701553298438e+13
7.160432728469940625e+13
6.969288238420640625e+13
6.779237841638474219e+13
6.592382965621073438e+13
6.404962291451004688e+13
6.231295102310405469e+13
6.058508963756105469e+13
5.889849752457719531e+13
5.737974776396286719e+13
5.588344264362984375e+13
5.439979766649994531e+13
5.292330333749003125e+13
5.144395376956431250e+13
4.997593027547610938e+13
4.855017173772889062e+13
4.721883160512318750e+13
4.594738673207614844e+13
4.469549838906916406e+13
4.347367426156625000e+13
4.227445577475656250e+13
4.113317000526106250e+13
4.004922358821584375e+13
3.896115375592097656e+13
3.786574071199381250e+13
3.678617880537900781e+13
3.577333125640247656e+13
3.481326612780766797e+13
3.390398824199828906e+13
3.300341941459715234e+13
3.206605314167171484e+13
3.115687896748083594e+13
3.029784729410055078e+13
2.947933218513328906e+13
2.869199020395319922e+13
2.789982420042886328e+13
2.712227691641187109e+13
2.636458093923544531e+13
2.561126746221093359e+13
2.491067968359790234e+13
2.422274182789099609e+13
2.353526484353740234e+13
2.288801961505287500e+13
2.229249517563464453e+13
2.170384273480200000e+13
2.112013996984580078e+13
2.052618023420245703e+13
1.993499110299251562e+13
1.934495789685235938e+13
1.882943618674235547e+13
1.835137571709820312e+13
1.787454783330294141e+13
1.741274116585720117e+13
1.692639234764772461e+13
1.644290120138144531e+13
1.595914622003396680e+13
1.550811411275726367e+13
1.508411072206911133e+13
1.466904732816676172e+13
1.425309038294606055e+13
1.384935680239470312e+13
1.344814076427381836e+13
1.305537468774216406e+13
1.269525068654616211e+13
1.233761368496890039e+13
1.198753668361641602e+13
1.164403858503557422e+13
1.132854761086386133e+13
1.102574392752449805e+13
1.072445624875590625e+13
1.042597729218100586e+13
1.012852855473684375e+13
9.843925722339398438e+12
9.572483192939304688e+12
9.303382761950525391e+12
9.043945586086894531e+12
8.788530899904920898e+12
8.540828792138348633e+12
8.293623739876982422e+12
8.050368443673305664e+12
7.829021127318708984e+12
7.617429198618174805e+12
7.414930553750249023e+12
7.202291915026401367e+12
6.985558342153832031e+12
6.768581331592222656e+12
6.568095206640631836e+12
6.396541376811243164e+12
6.228108065290176758e+12
6.055464719699251953e+12
5.874990236374571289e+12
5.697639464358826172e+12
5.529811721859056641e+12
5.372440607803395508e+12
5.225779866846375977e+12
5.074214938979750977e+12
4.936261387037448242e+12
4.795971901683274414e+12
4.660270028812713867e+12
4.517765179189946289e+12
4.380728811076646484e+12
4.252108642943720215e+12
4.137227717891772461e+12
4.026356435563986816e+12
3.915717717020020508e+12
3.798966771689625977e+12
3.680910205500953125e+12
3.569146756958451660e+12
3.468493537766883789e+12
3.368796417998225586e+12
3.272148933279169434e+12
3.176200923144733887e+12
3.081730823372837891e+12
2.993672333173476562e+12
2.908989680240702637e+12
2.824444460444032715e+12
2.743282867913215820e+12
2.661220502646894043e+12
2.580193435421023438e+12
2.502703811861497070e+12
2.431435676478843262e+12
2.361664756495136230e+12
2.294785593993518555e+12
2.225772117736132324e+12
2.159037615949820801e+12
2.097698045936896240e+12
2.042018090372658936e+12
1.984085292048893799e+12
1.923384000756387695e+12
1.859899912860215332e+12
1.800512461169290771e+12
1.745984759101088135e+12
1.695658797619146973e+12
1.647782038345759766e+12
1.603346493415188232e+12
1.558921302761404541e+12
1.512027273834464844e+12
1.463552388258551025e+12
1.415105355599547119e+12
1.372661727871540771e+12
1.334153244962104980e+12
1.295485458309797607e+12
1.254315602965808594e+12
1.213103568695748047e+12
1.177104112986383057e+12
1.157648303555585205e+12
1.138435520543055908e+12
1.119392442669979248e+12
1.099819856930458984e+12
1.079354933183083374e+12
1.058765156201993042e+12
1.038144917715351440e+12
1.017516460557576416e+12
9.968853749345175781e+11
9.762544157879976807e+11
9.556237010459415283e+11
9.351411211883520508e+11
9.157443915031242676e+11
8.995885213146882324e+11
8.837195735117950439e+11
8.678657215506787109e+11
8.520118695895643311e+11
8.361580176284500732e+11
8.203041656673358154e+11
8.044503137062194824e+11
7.885964617451053467e+11
7.727426097839910889e+11
7.568887578228767090e+11
7.410349058617604980e+11
7.251810539006461182e+11
7.093272019395318604e+11
6.934733499784155273e+11
6.776195059726062012e+11
6.617657334919688721e+11
6.462005026341219482e+11
6.328934823184434814e+11
6.276174481206136475e+11
6.223880837094111328e+11
6.171587192982083740e+11
6.119293548870056152e+11
6.066999904758029785e+11
6.014706260646005859e+11
5.962412616533980713e+11
5.910118972421949463e+11
5.857825328309924316e+11
5.805531684197899170e+11
5.753238040085874023e+11
5.700944395973842773e+11
5.648650751861817627e+11
5.596357107749793701e+11
5.544063463637761230e+11
5.491769819525737305e+11
5.439476175413712158e+11
5.387182531301688232e+11
5.334888887189655762e+11
5.282595243077631836e+11
5.230301598965606689e+11
5.178007954853582153e+11
5.125714310741551514e+11
5.073420666629525757e+11
5.021127022517500000e+11
4.968833378405477295e+11
4.916539734293445435e+11
4.864246090181420898e+11
4.811952446069394531e+11
4.759658801957371216e+11
4.707365157845339966e+11
4.655071513733315430e+11
4.602777869621289673e+11
4.550484225509259033e+11
4.498190581397234497e+11
4.445896937285209961e+11
4.393603293173184814e+11
4.341309649061153564e+11
4.289016004949128418e+11
4.236722360837103882e+11
4.184428716725079956e+11
4.132135072613048706e+11
4.079841428501023560e+11
4.027547784388998413e+11
3.975254140276972656e+11
3.922960496164942017e+11
3.870666852052916870e+11
3.818373207940892944e+11
3.766079563828862305e+11
3.713785919716836548e+11
3.661492275604811401e+11
3.609198631492786865e+11
3.556904987380755005e+11
3.504611343268730469e+11
3.452317699156705322e+11
3.400024055044680786e+11
3.347730410932650146e+11
3.295436766820625000e+11
3.243143122708600464e+11
3.190849478596575317e+11
