1.949822497947182852e+22
1.933655206091412629e+22
1.914481426889852741e+22
1.893369801681884991e+22
1.871300968394129827e+22
1.848911328200323026e+22
1.826918724035836851e+22
1.805172723049712897e+22
1.783477793543702341e+22
1.762330444284045348e+22
1.741611830127894095e+22
1.721039663645340991e+22
1.700503551199487512e+22
1.680110023878089743e+22
1.660109719063075645e+22
1.640099906352640845e+22
1.620498549123676583e+22
1.600751396041628058e+22
1.581828503087925428e+22
1.563564794223927493e+22
1.545066524410729883e+22
1.526359858285707998e+22
1.508290089732681394e+22
1.490455225554201425e+22
1.472190562682040589e+22
1.454587248234461764e+22
1.437033849547730085e+22
1.419821064216288166e+22
1.403160224410626739e+22
1.386649334872165843e+22
1.370555856954609317e+22
1.353763542138235335e+22
1.337534945088765113e+22
1.321434598317043273e+22
1.305524441394954476e+22
1.289841173285403047e+22
1.274204267025472160e+22
1.259062376362789149e+22
1.244440526014846389e+22
1.229936519207380949e+22
1.215247445400197110e+22
1.200429916332735699e+22
1.185948528809626881e+22
1.171658997505342203e+22
1.157475949729005804e+22
1.143746556223275873e+22
1.130068115164299998e+22
1.116672472109953319e+22
1.103328812370484422e+22
1.090003292007355856e+22
1.076786085868229729e+22
1.063857242508362777e+22
1.051112494434507502e+22
1.038492815714677477e+22
1.026001264521739711e+22
1.013720091533996196e+22
1.001556139280054826e+22
9.896476736448951747e+21
9.778223772265347023e+21
9.660005645068930122e+21
9.544224375997261152e+21
9.431758418683429388e+21
9.318992506350027670e+21
9.206665778728652505e+21
9.097269937156765254e+21
8.987594720382546870e+21
8.879369050479090729e+21
8.773664489749833843e+21
8.668187552437650850e+21
8.563254483481831408e+21
8.461168007003306459e+21
8.360266215117885014e+21
8.260648774529084031e+21
8.161904433894397051e+21
8.063866181423802089e+21
7.967214703242832249e+21
7.871160663309380747e+21
7.777194628179179864e+21
7.684230280822004908e+21
7.592114258605505511e+21
7.500277416717706068e+21
7.409760592817568088e+21
7.320563402138573603e+21
7.232646521838616183e+21
7.145543669270671524e+21
7.058844959585261847e+21
6.972931191114972529e+21
6.888091768097803862e+21
6.803945394037196849e+21
6.721160865518761017e+21
6.639334872318596874e+21
6.559175362697689563e+21
6.479560509731710697e+21
6.400311781620496466e+21
6.321407698165548712e+21
6.243695028722892538e+21
6.167213857271292363e+21
6.091616895703571235e+21
6.016463649626407305e+21
5.942208040467874972e+21
5.868710229454111113e+21
5.796127240931441115e+21
5.724308983145247539e+21
5.653881584106946429e+21
5.583559702521557549e+21
5.514791496449559364e+21
5.446658896714136551e+21
5.379153512177148625e+21
5.312735290325170389e+21
5.246702581994307453e+21
5.181507341515890885e+21
5.117562752097803305e+21
5.053995455195599864e+21
4.990765876054486680e+21
4.928244479816119615e+21
4.867506740381413802e+21
4.807160888698567918e+21
4.746738863508465648e+21
4.687411865271267754e+21
4.628903259733706670e+21
4.571440117573126980e+21
4.515005330792442233e+21
4.458435546443674026e+21
4.402370224845749748e+21
4.347700142346112860e+21
4.294009181735043990e+21
4.240128285605508415e+21
4.186979407424230785e+21
4.134948254257574838e+21
4.083672701375227625e+21
4.032651435257857835e+21
3.982498886221701317e+21
3.933012107069448782e+21
3.883889149403555430e+21
3.835275217569777189e+21
3.787526260197474435e+21
3.740463248286493966e+21
3.694087448908137497e+21
3.648203887943999291e+21
3.602982897966601208e+21
3.557813092796129083e+21
3.513370319515548123e+21
3.470146107423898206e+21
3.426922204769322795e+21
3.384156343722772005e+21
3.341661922281208152e+21
3.300084752763045544e+21
3.259132013855957844e+21
3.218692554860309512e+21
3.178642034421715698e+21
3.139274375143658881e+21
3.100261288718571667e+21
3.061411679187061178e+21
3.023392550164393099e+21
2.986070199867566719e+21
2.948830767200700203e+21
2.912364892489044722e+21
2.876349740355780346e+21
2.840545141681560224e+21
2.805635864148530168e+21
2.770948701189539627e+21
2.736067366823825768e+21
2.701790426047946686e+21
2.668311862630849446e+21
2.635329828908465390e+21
2.602424244135320355e+21
2.570418960668192932e+21
2.538824316890894565e+21
2.507500826700861145e+21
2.476695736692233994e+21
2.445812670900768080e+21
2.415353770728940896e+21
2.385262328133004558e+21
2.355480728217501041e+21
2.326519640011481285e+21
2.297808385088703431e+21
2.269430396517779505e+21
2.241424342637404488e+21
2.213294967159952769e+21
2.185756297772435243e+21
2.158966125079865065e+21
2.132376116110468055e+21
2.105898357957074616e+21
2.079803735205605802e+21
2.054044498635831640e+21
2.028682150379489329e+21
2.003712230919274496e+21
1.978856216377791349e+21
1.954415047498809475e+21
1.930391808784737239e+21
1.906573539941717377e+21
1.883149777620587512e+21
1.859980517383933526e+21
1.837023906683014349e+21
1.814219686794822943e+21
1.791860166769886102e+21
1.769802373328182706e+21
1.747996039927510073e+21
1.726574105217139737e+21
1.705011624296468447e+21
1.683759068066041561e+21
1.662903316037158830e+21
1.642259791762349883e+21
1.621941673896658338e+21
1.602056750262469001e+21
1.582183181964355830e+21
1.562467203757511279e+21
1.543149429214628282e+21
1.524017196351860244e+21
1.504937254497150304e+21
1.486219185221862425e+21
1.467819961864600682e+21
1.449726544616701821e+21
1.431896050448344547e+21
1.414249012434101076e+21
1.396725074222307607e+21
1.379301872866859942e+21
1.362153283461055250e+21
1.345167886785753645e+21
1.328330245465891144e+21
1.311705228241042407e+21
1.295291064233904833e+21
1.279110704794570850e+21
1.263236508201184395e+21
1.247485488925422649e+21
1.231812614887993246e+21
1.216404899763150914e+21
1.201221080776718156e+21
1.186183974873127453e+21
1.171211312755394740e+21
1.156536306203330609e+21
1.142020504130891153e+21
1.127708764842320855e+21
1.113664750032557572e+21
1.099638997269636186e+21
1.085641973301903360e+21
1.072033140315424424e+21
1.058474080102121079e+21
1.045036178010320536e+21
1.031753602436179034e+21
1.018689233976425185e+21
1.005760381054846501e+21
9.931092974153184051e+20
9.805617311901256253e+20
9.681252131969463747e+20
9.559015960228495360e+20
9.438849755851630838e+20
9.318791175487819612e+20
9.199041772568410849e+20
9.081942227324606874e+20
8.965523835361115505e+20
8.851098870743283794e+20
8.738567177776699802e+20
8.627205931361550991e+20
8.515542483151369011e+20
8.407055189203605258e+20
8.300017128897652982e+20
8.193061976161579172e+20
8.086953183337072558e+20
7.983208085927905198e+20
7.880396601639839990e+20
7.779672636208881336e+20
7.679782183507990938e+20
7.580684263535848980e+20
7.482294093027645850e+20
7.386049401483675566e+20
7.290225144414749327e+20
7.196262815902290412e+20
7.103038294403315139e+20
7.011466315742503240e+20
6.920982856142944993e+20
6.830621979202449572e+20
6.742158763649912013e+20
6.654772014616802755e+20
6.568540707338016522e+20
6.483001795069794058e+20
6.397446538425296486e+20
6.313996044716559565e+20
6.232621742526924063e+20
6.151455931913481748e+20
6.070525449894086574e+20
5.991639175544033772e+20
5.913778671233115095e+20
5.836393259693452820e+20
5.759800517073454367e+20
5.683720137955240182e+20
5.608599116708170301e+20
5.535256782839027466e+20
5.462579235445139702e+20
5.391264352256392561e+20
5.320499026187910513e+20
5.250155555151390966e+20
5.181316244063369298e+20
5.112757367045245501e+20
5.044847969738296525e+20
4.978010857269745418e+20
4.912139405780657766e+20
4.847179958357544796e+20
4.783390668537614172e+20
4.719591148422381568e+20
4.656725872724975944e+20
4.594977184237145293e+20
4.534063921442120663e+20
4.473898435795025920e+20
4.414353889586841518e+20
4.354743452465995448e+20
4.295972513191585382e+20
4.238443151343283077e+20
4.181551158053562614e+20
4.125577047908175708e+20
4.070128158299988951e+20
4.015302318867496305e+20
3.961178408035250995e+20
3.907532328949533901e+20
3.854834350430403297e+20
3.801893819253433303e+20
3.750090273650209587e+20
3.699251941503678546e+20
3.649403171274343711e+20
3.600218367480156652e+20
3.550973999019883889e+20
3.502515845497770476e+20
3.455007219499080090e+20
3.407784864415408456e+20
3.360829069739984159e+20
3.314293716452411310e+20
3.268263387115393516e+20
3.223937210288735519e+20
3.180247994223700214e+20
3.136502619447841915e+20
3.093057582312899871e+20
3.050317134582606070e+20
3.007939154999759995e+20
2.965926123906344550e+20
2.924472650425075958e+20
2.884122913668855562e+20
2.843694265573357650e+20
2.803747145995622810e+20
2.764365215444761313e+20
2.726318206242241577e+20
2.687862736842228367e+20
2.649443412422753649e+20
2.611847305691146158e+20
2.575583051483670446e+20
2.539263544213736653e+20
2.503000518941821501e+20
2.468053377969860772e+20
2.432927266645168947e+20
2.398726802787218555e+20
2.364740643491202007e+20
2.330715691264452854e+20
2.297005527821939180e+20
2.263851398118481592e+20
2.231418746063137669e+20
2.199386006409027912e+20
2.166858453165213286e+20
2.135864911003236434e+20
2.105249601544242790e+20
2.074600594980684431e+20
2.044004310391433462e+20
2.014128501488686858e+20
1.984707302110532403e+20
1.955853073681360486e+20
1.926761330600188641e+20
1.898282501830672056e+20
1.869996747542355313e+20
1.842346683369737093e+20
1.815008568413320643e+20
1.788107565342437868e+20
1.760754718370655109e+20
1.734614270128228270e+20
1.708679182392347853e+20
1.682948979549210542e+20
1.657314106879376425e+20
1.631760870271582536e+20
1.607225830446490911e+20
1.582959448563694305e+20
1.558513807550200545e+20
1.534642640809389261e+20
1.510830890424849203e+20
1.487642707913826959e+20
1.464624137884442788e+20
1.442195363709623992e+20
1.419242694011599258e+20
1.396829817008154051e+20
1.375091006484417413e+20
1.353503477154609725e+20
1.332644145278688625e+20
1.311420848439601398e+20
1.290584034692471521e+20
1.270089224574015570e+20
1.250018879985098424e+20
1.229775755097629000e+20
1.209835344012842598e+20
1.191012456342683976e+20
1.172059175225592545e+20
1.152904523268211671e+20
1.134035659421187604e+20
1.115644399620870799e+20
1.097966042908576645e+20
1.079907880425572434e+20
1.061723490559866470e+20
1.044636461591467131e+20
1.027374821165972849e+20
1.010256299539794657e+20
9.933202812064928563e+19
9.766623799355606630e+19
9.598495462717295821e+19
9.442283187192297882e+19
9.283864435172007936e+19
9.122424313953342259e+19
8.966183258197073920e+19
8.814345736116007731e+19
8.663020611953734451e+19
8.510426516849639424e+19
8.361119328964101734e+19
8.214864953185407795e+19
8.072124760594731827e+19
7.926216272838295552e+19
7.785282428372620083e+19
7.650260911299621683e+19
7.510464063395453338e+19
7.375392758405651661e+19
7.235717203229037363e+19
7.106535880478647910e+19
6.975117439989922202e+19
6.842896533335290675e+19
6.718918913959791002e+19
6.588732811298368717e+19
6.463477883106801254e+19
6.341557679200798310e+19
6.221014809744624026e+19
6.097411018745407898e+19
5.977759237286123110e+19
5.859274109359380890e+19
5.744847435300007936e+19
5.628341718169480397e+19
5.517459370741311078e+19
5.404673562427787674e+19
5.294701625673074278e+19
5.185111882925536051e+19
5.080267876642344141e+19
4.974201689465671680e+19
4.866923428897415987e+19
4.764879447735659725e+19
4.661912171055584051e+19
4.562035275122933760e+19
4.465586193886118707e+19
4.366447804940791808e+19
4.270410340219932672e+19
4.177824134554636288e+19
4.083436171286038938e+19
3.988457905794429747e+19
3.897058539871969280e+19
3.805736010387872973e+19
3.715577478818267136e+19
3.631935785556122829e+19
3.545006184669886054e+19
3.457372108494134477e+19
3.373109295822321664e+19
3.289870469899908301e+19
3.208367286095872819e+19
3.125877417199075328e+19
3.046313144149880832e+19
2.966626533943063347e+19
2.890322580045386547e+19
2.814247773427059917e+19
2.738501229213368320e+19
2.664270453955323494e+19
2.590420519324394701e+19
2.520289688298940006e+19
2.446619994484420608e+19
2.377748151912391066e+19
2.308350363677090611e+19
2.240407633530249626e+19
2.174254149248086016e+19
2.106954794219622400e+19
2.044310730326196634e+19
1.980619852580034560e+19
1.916810866212972134e+19
1.855114824339877888e+19
1.793345745494619750e+19
1.732189915175394918e+19
1.672936641410936422e+19
1.615840313754075750e+19
1.556827861655539507e+19
1.501274815068758835e+19
1.444486455223503667e+19
1.389746679703759258e+19
1.337545624805617664e+19
1.285794098954499686e+19
1.233382219139299738e+19
1.183075400814453760e+19
1.132473156367943475e+19
1.084793183332403405e+19
1.037776537395271680e+19
9.911769020805808128e+18
9.452019379368493056e+18
9.020689008688109568e+18
8.579050315481633792e+18
8.162756244102557696e+18
7.752096417870494720e+18
7.354101030979942400e+18
6.967215050662137856e+18
6.593930850713318400e+18
6.229271753781454848e+18
5.883656162740853760e+18
5.536373359225629696e+18
5.224245056914711552e+18
4.921575906719246336e+18
4.622852694099139584e+18
4.336310771127062016e+18
4.066648135138290688e+18
3.828745697856853504e+18
3.583345264085143552e+18
3.364976388259075584e+18
3.150116319462427648e+18
2.947311049915791872e+18
2.766737053559079936e+18
2.594009216733396992e+18
2.428106856820421120e+18
2.276695310926268416e+18
2.137137175341340416e+18
2.003873392899328000e+18
1.884972101326375936e+18
1.782109361595609344e+18
1.680338211895237376e+18
1.586301800252123392e+18
1.497257961190060032e+18
1.417329731363672064e+18
1.340274615822676992e+18
1.269943338955513856e+18
1.205157798907665152e+18
1.142945495724668416e+18
1.089146311307945984e+18
1.038601435810659968e+18
9.895142215817916160e+17
9.453907789379546880e+17
9.058726379003234560e+17
8.670245824233329920e+17
8.296098102844972800e+17
7.954858698741639680e+17
7.637488272957144320e+17
7.331547283732482560e+17
7.039324145107404800e+17
6.756503305608520960e+17
6.488044431839719680e+17
6.245995475163118080e+17
6.022788839158144000e+17
5.810373483688008960e+17
5.604087831601645440e+17
5.407300881394692480e+17
5.228178256233293440e+17
5.057263774653458560e+17
4.887840588245806720e+17
4.719283172979437440e+17
4.565969497692588160e+17
4.416735439996533760e+17
4.269776864804535040e+17
4.123885037065581440e+17
3.990853060983659520e+17
3.859860303908446720e+17
3.747394948889515520e+17
3.637740788707668480e+17
3.531843222623911680e+17
3.425700824738708480e+17
3.326457542636672640e+17
3.227746716772065920e+17
3.131971082980298240e+17
3.035838108934104960e+17
2.943477551256393600e+17
2.859445727074127360e+17
2.778890064180936640e+17
2.701330854597363520e+17
2.629415944797377280e+17
2.559034865804106560e+17
2.489168610999906560e+17
2.420330726747932160e+17
2.351517316217425920e+17
2.284185750356098880e+17
2.219165984062265280e+17
2.154804015987107520e+17
2.093023705020842240e+17
2.039062509020415360e+17
1.987764903541377600e+17
1.937537698527270400e+17
1.887088134019331520e+17
1.836443998752360000e+17
1.785882220729651840e+17
1.736802028833814720e+17
1.689148412575700800e+17
1.642732012316821440e+17
1.597187598756774080e+17
1.553516294436020160e+17
1.517504260935750720e+17
1.481944124466886080e+17
1.446051107872943360e+17
1.409810776351614080e+17
1.374064743205548480e+17
1.339118226078451200e+17
1.303650211245303840e+17
1.268357206213938720e+17
1.234571106735729920e+17
1.201621572372254720e+17
1.170915532187367200e+17
1.141911264192295680e+17
1.113575559455021920e+17
1.086665687806447840e+17
1.059567511075861600e+17
1.032619174382295360e+17
1.005996274480098400e+17
9.799597200356017600e+16
9.544065610409937600e+16
9.307893108345921600e+16
9.077053856552814400e+16
8.846106125187883200e+16
8.620342255649457600e+16
8.400596325104166400e+16
8.183448033067916800e+16
7.978174788055057600e+16
7.779981055649905600e+16
7.585515869144881600e+16
7.390998260076003200e+16
7.193841184300007200e+16
7.004252248012420000e+16
6.815048264908318400e+16
6.638587687151615200e+16
6.464016914179261600e+16
6.297006821550468800e+16
6.146298301517811200e+16
6.001224222257784800e+16
5.856585745511516800e+16
5.716528649697244800e+16
5.576757614877772800e+16
5.433077091879979200e+16
5.286693223842540800e+16
5.140641409225792800e+16
5.006536921678611200e+16
4.888342903669872800e+16
4.774969048455288000e+16
4.667408751126956000e+16
4.559345384437296800e+16
4.447442108604246400e+16
4.331917918370438400e+16
4.214123496690120800e+16
4.097271485517310400e+16
3.984265595845217600e+16
3.877674194542564000e+16
3.781776509692019200e+16
3.694868388504695200e+16
3.609444958802964000e+16
3.524369448916335600e+16
3.436650951285378400e+16
3.347259001035449600e+16
3.257704503992533200e+16
3.168653260158194400e+16
3.082793791854029600e+16
3.004034560733006800e+16
2.928509683773216400e+16
2.857798274579460400e+16
2.792334802751386800e+16
2.727629654370958400e+16
2.662231210131935600e+16
2.596136314380249200e+16
2.530051624232885200e+16
2.464012034519708400e+16
2.399687144860083600e+16
2.341615397514820400e+16
2.286650047799202000e+16
2.233233202981990400e+16
2.180234213648363600e+16
2.126511566682746000e+16
2.072045572144440800e+16
2.019314283790725200e+16
1.968378315516928800e+16
1.917565257367494000e+16
1.868830650651838800e+16
1.823741884123645200e+16
1.779095982512636000e+16
1.734099152256863600e+16
1.689918003052336200e+16
1.646267057990490000e+16
1.603332103294697600e+16
1.562007364292050200e+16
1.522104369609889400e+16
1.485415123631127200e+16
1.449275729699020800e+16
1.414232757910738000e+16
1.378238115632364800e+16
1.341768414477740800e+16
1.306366527043091000e+16
1.271707589316102800e+16
1.238980316151406400e+16
1.208898982533131200e+16
1.179894967530804400e+16
1.150791491875930600e+16
1.122260313203998000e+16
1.093449880888490600e+16
1.064871638706207000e+16
1.036405080354031200e+16
1.009062296037957200e+16
9.823241612571720000e+15
9.578148619934498000e+15
9.339667664494400000e+15
9.114032604934896000e+15
8.892206919891493000e+15
8.663652408308911000e+15
8.431628349901650000e+15
8.206824660334253000e+15
7.990442289351426000e+15
7.791587267149655000e+15
7.609319219950676000e+15
7.425963932334811000e+15
7.239598890587126000e+15
7.050751958537780000e+15
6.859577442880944000e+15
6.676211294405897000e+15
6.497564498348162000e+15
6.333401357827611000e+15
6.180421834633390000e+15
6.023714437204763000e+15
5.867461949568472000e+15
5.714932631546064000e+15
5.566601312351921000e+15
5.423710659470408000e+15
5.284776958457210000e+15
5.149691895357277000e+15
5.019245940339685000e+15
4.886742227038497000e+15
4.755052522170811000e+15
4.627968417064200000e+15
4.514475915246285000e+15
4.406396765385193500e+15
4.297188319701930000e+15
4.187240106464972500e+15
4.077500467435888500e+15
3.969496224289775000e+15
3.862771637312078000e+15
3.761779630534416000e+15
3.661088814503925000e+15
3.564111877449832000e+15
3.474093111375282000e+15
3.387829624344250500e+15
3.299370455590516500e+15
3.213065333341676500e+15
3.131750900394373000e+15
3.052292553598244000e+15
2.971096059417212500e+15
2.894748998842184500e+15
2.822562642452033500e+15
2.751371271553001000e+15
2.681311508528358000e+15
2.613073041238020000e+15
2.548583324920782500e+15
2.484488983911140500e+15
2.420054437065102000e+15
2.361007378934966000e+15
2.304180646471602000e+15
2.242941042510135750e+15
2.183426065220865500e+15
2.128236588581560000e+15
2.074069430750648750e+15
2.021374313376380000e+15
1.968969088080518750e+15
1.918073131600383000e+15
1.869142158764239000e+15
1.820604335159224250e+15
1.774286906863347500e+15
1.729668793684229750e+15
1.685315799509340250e+15
1.640912071091730000e+15
1.599061433126234500e+15
1.557867776185477250e+15
1.519846308198778000e+15
1.482106785973986500e+15
1.444331224632938500e+15
1.406631947883567750e+15
1.369850179727536000e+15
1.333236519708917000e+15
1.296822076803863750e+15
1.260972632389729250e+15
1.228199182785703750e+15
1.197455898652097500e+15
1.166718071428318750e+15
1.136581734331010250e+15
1.106885433929829500e+15
1.077181234401705500e+15
1.048347156486730750e+15
1.019844622124596500e+15
9.925229293777325000e+14
9.663974293548073750e+14
9.404480663968686250e+14
9.148324027086338750e+14
8.912322894488102500e+14
8.684711397169573750e+14
8.465648501690008750e+14
8.250743193498861250e+14
8.034832113054328750e+14
7.820422218646943750e+14
7.611288741570241250e+14
7.408105136149108750e+14
7.209684152393316250e+14
7.022067472645982500e+14
6.836257771392170000e+14
6.653910649755718750e+14
6.479561407142952500e+14
6.309066427197218750e+14
6.142958151367356250e+14
5.984020424978382500e+14
5.822719606039343750e+14
5.666276997025182500e+14
5.510447960988380625e+14
5.357126731834127500e+14
5.212785055099171250e+14
5.078398498877270000e+14
4.946759236362968750e+14
4.823612563248570000e+14
4.703064754020435625e+14
4.577558360010746875e+14
4.455074314623898125e+14
4.332453593207082500e+14
4.213483636344060000e+14
4.102979870427064375e+14
3.993935709723678750e+14
3.886016575938969375e+14
3.781173012166435000e+14
3.678319422427342500e+14
3.578877605357630000e+14
3.488032860409971875e+14
3.399046739419014375e+14
3.311707433218006250e+14
3.222255827319718125e+14
3.132954192464181250e+14
3.048261490728425000e+14
2.964388343091396875e+14
2.885804646231940625e+14
2.811109317966867500e+14
2.736991295036511875e+14
2.664406683278383750e+14
2.594133288206056250e+14
2.524711968366465312e+14
2.457021357930559062e+14
2.389701053174773125e+14
2.324518167475235312e+14
2.263364716090890000e+14
2.204639679531611875e+14
2.146051480460105938e+14
2.089098070244460625e+14
2.035081385417288438e+14
1.981045868116451250e+14
1.927398412267401562e+14
1.875957924583507500e+14
1.824911149834005312e+14
1.774126526568951562e+14
1.724754266404393750e+14
1.677871012287226250e+14
1.635655150037969062e+14
1.596222577984953438e+14
1.556250680207435625e+14
1.515947919175546875e+14
1.474287407156112812e+14
1.432019780092630000e+14
1.391073712663214531e+14
1.350260156063631875e+14
1.313062380927041875e+14
1.280487773246795781e+14
1.248040239912278750e+14
1.215723430138244375e+14
1.183709130572124531e+14
1.150603303840821406e+14
1.117937282955932969e+14
1.085522143827669531e+14
1.053380028224844688e+14
1.024765070342025312e+14
9.987773482646140625e+13
9.733813655643400000e+13
9.483664894187353125e+13
9.240761636203546875e+13
8.989214507293634375e+13
8.736578844015256250e+13
8.485222925259509375e+13
8.237199266143401562e+13
8.008977882656348438e+13
7.790134650071087500e+13
7.573917870610109375e+13
7.368083361474150000e+13
7.182686879791567188e+13
7.001313210414682031e+13
6.822613777398514062e+13
6.645041539367080469e+13
6.466588913728559375e+13
6.284421772876727344e+13
6.103176448374903906e+13
5.924422857997740625e+13
5.761045139498073438e+13
5.612126090287641406e+13
5.467105232613973438e+13
5.325334539964598438e+13
5.180771552973101562e+13
5.033454831366789062e+13
4.885403540831707812e+13
4.737018486243857031e+13
4.601115469934463281e+13
4.502332060115272656e+13
4.415537127983178125e+13
4.335696488606000000e+13
4.257762077436097656e+13
4.183114267595724219e+13
4.108814389613220312e+13
4.031939493558650000e+13
3.954327212376806250e+13
3.876357641675687500e+13
3.798038722393989062e+13
3.719758462918269531e+13
3.641458772402615625e+13
3.563153766681327344e+13
3.484848332584564062e+13
3.406542757323183594e+13
3.328237195022957812e+13
3.261916610328464453e+13
3.207705694905246875e+13
3.156104376448517188e+13
3.105241752195645312e+13
3.054514008707032812e+13
3.003788034933950781e+13
2.953062061160875000e+13
2.902336087387800391e+13
2.851610113614725000e+13
2.800884139841643359e+13
2.750158166068568359e+13
2.699432192295493750e+13
2.648706218522418359e+13
2.597980244749336328e+13
2.547254270976261328e+13
2.496528297203187109e+13
2.445802323430104688e+13
2.395076349657030078e+13
2.344524664189317578e+13
2.298403163768655859e+13
2.277405009232633203e+13
2.259451389246666016e+13
2.241560408473181250e+13
2.223669427699696875e+13
2.205778446926209766e+13
2.187887466152725781e+13
2.169996485379241016e+13
2.152105504605756250e+13
2.134214523832269531e+13
2.116323543058785156e+13
2.098432562285300391e+13
2.080541581511816016e+13
2.062650600738329297e+13
2.044759619964844531e+13
2.026868639191360156e+13
2.008977658417873438e+13
1.991086677644389062e+13
1.973195696870904297e+13
1.955304716097419531e+13
1.937413735323933203e+13
1.919522754550448828e+13
1.901631773776964062e+13
1.883740793003479297e+13
1.865849812229992578e+13
1.847958831456508594e+13
1.830067850683023047e+13
1.812176869909539062e+13
1.794285889136052734e+13
1.776394908362567578e+13
1.758503927589083594e+13
1.740612946815599023e+13
1.722721966042112305e+13
1.704830985268627734e+13
1.686940004495142969e+13
1.669049023721656836e+13
1.651158042948172070e+13
1.633267062174687305e+13
1.615376081401203125e+13
1.597485100627716016e+13
1.579594119854231445e+13
1.561703139080746875e+13
1.543812158307262500e+13
1.525921177533775586e+13
1.508030196760291016e+13
1.490139215986806836e+13
1.472248235213322461e+13
1.454357254439835547e+13
1.436466273666351172e+13
1.418575292892866602e+13
1.400684312119379492e+13
1.382793331345895312e+13
1.364902350572410742e+13
1.347011369798926172e+13
1.329120389025439258e+13
1.311229408251955078e+13
1.293338427478470312e+13
1.275447446704985938e+13
1.257556465931499219e+13
1.239665485158014258e+13
1.221774504384530078e+13
1.203883523611045508e+13
