6.397898541094131712e+18
6.463658847750163456e+18
6.528236809058833408e+18
6.588961531421435904e+18
6.655723556621818880e+18
6.720373691074807808e+18
6.785370221114647552e+18
6.855465870136391680e+18
6.923248584781905920e+18
6.993919813975674880e+18
7.066988977673793536e+18
7.141153262306410496e+18
7.219351769717511168e+18
7.298242366277664768e+18
7.386508191641886720e+18
7.473900776814334976e+18
7.553111230631707648e+18
7.644699995781311488e+18
7.734231089409258496e+18
7.829287243029805056e+18
7.932606488637741056e+18
8.037934562157804544e+18
8.145627272440202240e+18
8.263296910123685888e+18
8.380767031870256128e+18
8.500946427464064000e+18
8.630773734746613760e+18
8.759077296840797184e+18
8.893894710508807168e+18
9.044723282647977984e+18
9.203015153719860224e+18
9.364862311103690752e+18
9.531076691959609344e+18
9.712382203749228544e+18
9.892888203331516416e+18
1.008220747903562957e+19
1.028323995630621491e+19
1.048192639652388454e+19
1.069939100256125338e+19
1.092171456316642304e+19
1.115328938150237184e+19
1.138505071567549235e+19
1.162525400696084480e+19
1.187258858054352282e+19
1.213146088969837978e+19
1.238441897293632717e+19
1.264804562661914214e+19
1.291162119071799296e+19
1.318665933173627085e+19
1.347233518658302976e+19
1.375216911814387302e+19
1.403251029636253082e+19
1.431038110929423770e+19
1.459506253439785779e+19
1.488012706903384064e+19
1.517647763211665203e+19
1.545084108255022694e+19
1.574336635512722022e+19
1.603967736556770918e+19
1.633181389213750477e+19
1.662011024826058957e+19
1.691445664041977651e+19
1.718347406674687181e+19
1.746760567785946317e+19
1.774212275585196442e+19
1.801611412390884762e+19
1.829506909634911027e+19
1.857004951210390323e+19
1.885233215645837312e+19
1.913667154658056192e+19
1.940363353963250893e+19
1.967198649733512397e+19
1.994654490664079360e+19
2.019659318457142886e+19
2.046265167679058330e+19
2.071461998709059174e+19
2.097742768576893338e+19
2.124272078507448730e+19
2.149845441795592602e+19
2.174195859412522189e+19
2.199329294797655654e+19
2.223608805131650662e+19
2.247431143184096051e+19
2.270157059031019520e+19
2.292964998722007040e+19
2.316689365595380941e+19
2.339323798340945920e+19
2.362417300627492454e+19
2.384871919769540608e+19
2.408401966080799539e+19
2.430389108631305421e+19
2.452560324819776307e+19
2.474520921287992115e+19
2.494792512522211328e+19
2.517169064872991130e+19
2.537727485253918310e+19
2.558097837264100147e+19
2.579522707346862899e+19
2.599717829807060582e+19
2.619300378860178637e+19
2.639149819700024934e+19
2.658140833614649344e+19
2.677289820639429427e+19
2.696044174479137178e+19
2.715533232294570394e+19
2.733406482484901888e+19
2.751516185283185050e+19
2.770660726301021389e+19
2.788872865284599808e+19
2.806931277065197568e+19
2.824765580803332506e+19
2.842338431373402112e+19
2.858802053930097050e+19
2.876818204310973645e+19
2.892470652255622349e+19
2.909547712941921485e+19
2.924651305395825459e+19
2.940041705657371853e+19
2.957978792808031027e+19
2.973378229766080512e+19
2.989193654548343603e+19
3.003007115660206080e+19
3.019236816583095910e+19
3.034375756297962701e+19
3.049919914325793587e+19
3.064977795177263514e+19
3.081129984299396301e+19
3.095167147592194458e+19
3.109672931532399411e+19
3.123463690277684429e+19
3.137512106658605466e+19
3.150990908212534477e+19
3.162729306290989466e+19
3.175890280038812058e+19
3.188455969408765133e+19
3.201546889887635046e+19
3.216164200843877581e+19
3.229442604856774656e+19
3.241972715855587328e+19
3.253632032688580198e+19
3.265202200440970445e+19
3.276107106141179904e+19
3.287417650576017818e+19
3.297981436389993677e+19
3.311310183934739661e+19
3.325114101818384384e+19
3.335473113722256589e+19
3.348023337354253517e+19
3.360085387733596160e+19
3.371154746213919130e+19
3.381007285776796467e+19
3.392015289317106074e+19
3.401304996467282330e+19
3.410763685318531891e+19
3.419106095531968922e+19
3.429516626062433894e+19
3.439795528982706176e+19
3.448930092070436454e+19
3.458898708298600858e+19
3.468898927676579840e+19
3.477289313819329331e+19
3.487089876686079181e+19
3.496433499083157094e+19
3.504458160563630490e+19
3.513226632170483302e+19
3.522716587316706509e+19
3.530521480964584653e+19
3.539349186954419814e+19
3.547725709069443072e+19
3.555515059986538906e+19
3.564571944074909696e+19
3.571684233962364109e+19
3.578751440601531187e+19
3.588259184123231437e+19
3.596235148314729677e+19
3.603686823789309952e+19
3.611506411693011354e+19
3.619499941196099174e+19
3.625525152486019482e+19
3.632777932055962010e+19
3.639618385059006054e+19
3.646108457643488051e+19
3.651882522407990886e+19
3.658758090786019328e+19
3.666779937697236582e+19
3.675901213824164659e+19
3.681078408500699546e+19
3.688668068611215360e+19
3.695580534077520282e+19
3.701199300609555661e+19
3.707317715294399693e+19
3.711649246303390106e+19
3.718499354921698099e+19
3.724681627943880294e+19
3.730362943785241805e+19
3.736188555222564864e+19
3.743065250651819213e+19
3.748961921112029594e+19
3.754637231479585178e+19
3.760631973568974029e+19
3.765571792419019981e+19
3.769784061984109363e+19
3.774300413913323110e+19
3.780321610585749094e+19
3.784732269832390246e+19
3.788031388126433280e+19
3.791247174697658778e+19
3.795865421116809216e+19
3.800953282211702374e+19
3.804506244345026970e+19
3.809584347950324122e+19
3.816540758067961037e+19
3.820879030821244109e+19
3.824855597327101133e+19
3.828243495950730035e+19
3.831265931899141325e+19
3.835156011396065690e+19
3.839785483220733133e+19
3.843725181506510848e+19
3.846421262062024294e+19
3.849620765307672166e+19
3.854302917165084672e+19
3.860718213685679718e+19
3.865145938469461197e+19
3.868236421107076301e+19
3.872885313015095296e+19
3.876034347123957760e+19
3.879607934821837210e+19
3.881731927970123776e+19
3.884348685686508749e+19
3.887772933340635955e+19
3.893381336406489498e+19
3.897408574372895130e+19
3.901178191852676710e+19
3.904883793940321894e+19
3.907708321861117542e+19
3.909238603521842381e+19
3.911539639756023398e+19
3.912994689061094195e+19
3.915615544605261824e+19
3.918968906883766682e+19
3.920951754414841037e+19
3.922480677799505920e+19
3.924310267929677824e+19
3.925591209428674150e+19
3.926521252598820864e+19
3.927612903753802547e+19
3.928085233294535885e+19
3.928750134390688154e+19
3.930421767152803840e+19
3.933077873580149965e+19
3.934842734189752320e+19
3.934799202542641152e+19
3.937035865073873715e+19
3.940138763034638746e+19
3.941733474868922778e+19
3.942333909888430899e+19
3.943721947930488832e+19
3.944785310225668506e+19
3.946807040061313843e+19
3.948698989099739546e+19
3.950528784023523328e+19
3.953583485512038810e+19
3.955297038104657101e+19
3.956125810699024794e+19
3.958050838235326054e+19
3.959551290967877222e+19
3.960416907602043699e+19
3.963026306925443482e+19
3.965684737968548250e+19
3.968532315259514880e+19
3.969802306609166746e+19
3.971079703293460480e+19
3.972903635722633216e+19
3.973977686688641024e+19
3.974693362990765670e+19
3.975887986711680614e+19
3.976629923161915392e+19
3.979549986537820160e+19
3.981769728283737293e+19
3.982658053220786995e+19
3.984061729217027277e+19
3.984403142392901632e+19
3.985430292013380403e+19
3.985624033378131149e+19
3.985492450392031232e+19
3.985676790269918413e+19
3.985747176455400653e+19
3.986281920567259136e+19
3.989499158055480525e+19
3.990880425088861798e+19
3.991673893806913126e+19
3.993114001529247334e+19
3.994386112481473331e+19
3.995720122286936064e+19
3.996935573098755686e+19
3.995905972935225344e+19
3.996589289729598259e+19
3.997226801832411136e+19
3.996638498682974208e+19
3.998541599997475226e+19
3.998304825645645824e+19
3.998846246618542899e+19
4.000002340345559450e+19
4.000471939078324224e+19
4.001593368500730266e+19
4.002829989517209600e+19
4.004621637823918080e+19
4.004434766596313907e+19
4.004122304778563584e+19
4.004111995796759347e+19
4.003419563481785139e+19
4.004150288603362099e+19
4.003934985309918003e+19
4.004075371400766259e+19
4.004855139315218022e+19
4.005861329639555891e+19
4.007428883234252390e+19
4.009532381272721818e+19
4.010142171402230170e+19
4.010400098983822950e+19
4.011844040258278195e+19
4.012118018810189414e+19
4.011182259572590182e+19
4.010003025628227994e+19
4.010958667619700736e+19
4.013225557678549402e+19
4.014923543105114112e+19
4.016583464651843174e+19
4.017693829454411366e+19
4.018118663285775565e+19
4.018129773538154086e+19
4.016910355822667366e+19
4.016756973052025242e+19
4.016310735486695834e+19
4.016580964518602342e+19
4.018851296109229670e+19
4.019776430935334912e+19
4.018574138051373466e+19
4.018095652852152730e+19
4.017851314546406195e+19
4.017343225227893146e+19
4.017211734042922189e+19
4.015690558267976909e+19
4.015089671520451789e+19
4.014845674640406118e+19
4.014614881342870323e+19
4.014019360496624435e+19
4.014004485646391706e+19
4.012738824058493338e+19
4.012089588509873766e+19
4.012187849877571994e+19
4.011116136780524749e+19
4.009486716865997210e+19
4.009041564146148147e+19
4.010608001756270592e+19
4.012719828356263117e+19
4.013125653591441408e+19
4.013522047911152026e+19
4.012851013763120333e+19
4.011464934902999450e+19
4.010936377064891187e+19
4.009726864557885030e+19
4.009508606966502195e+19
4.010256420546024243e+19
4.012038143916901171e+19
4.012399670554143949e+19
4.013866895381604762e+19
4.014497671203538534e+19
4.015302527853752320e+19
4.013372565233351885e+19
4.013441661470305485e+19
4.012643396639486771e+19
4.012240134045814784e+19
4.011947178311062323e+19
4.014190108722588058e+19
4.015072573614606746e+19
4.015437466981531648e+19
4.015472478975391334e+19
4.014319815964991488e+19
4.013396459760675226e+19
4.012247703468525158e+19
4.010085646126564966e+19
4.012294266288333619e+19
4.012242825417590374e+19
4.011995452556904858e+19
4.010993190148326195e+19
4.010318040784328294e+19
4.009114365504910131e+19
4.006571983168674202e+19
4.004215682837141094e+19
4.002048875273156198e+19
3.999837062662034227e+19
3.997500436353169818e+19
3.995762477266279629e+19
3.994195710796164301e+19
3.990916405054920294e+19
3.989432738755797811e+19
3.985440531289343590e+19
3.981346605532884173e+19
3.977902875111107789e+19
3.975559615226424525e+19
3.972575167619807642e+19
3.970274105507198566e+19
3.968268916974600192e+19
3.964040592837637734e+19
3.962555111131170406e+19
3.960330134227543654e+19
3.955737802996100301e+19
3.951828643951762637e+19
3.947591723330156134e+19
3.944360922546921472e+19
3.942245021094117376e+19
3.938959064200613888e+19
3.937026002869080064e+19
3.935893889213276160e+19
3.933088629571129344e+19
3.929334125064529510e+19
3.925323780040295219e+19
3.922326394506471834e+19
3.918789877610240410e+19
3.915296769202544640e+19
3.911831094704172237e+19
3.910084732580519117e+19
3.907286351907047834e+19
3.905617046076207923e+19
3.904007589499653325e+19
3.901521842351192474e+19
3.901959657057867366e+19
3.898712129470152704e+19
3.898155567132309094e+19
3.897178372260402790e+19
3.896665000616355430e+19
3.894322320662479667e+19
3.892842777156146790e+19
3.889995375367396557e+19
3.885684262982392218e+19
3.880940483152089088e+19
3.878093351283081216e+19
3.875580180126841242e+19
3.873135189911468442e+19
3.872484133662674125e+19
3.872535752086899917e+19
3.871314964659716096e+19
3.868616694767285862e+19
3.865875363149562675e+19
3.862879669458614682e+19
3.857838544017959322e+19
3.853756986588926771e+19
3.850931978520714445e+19
3.847868072071815168e+19
3.843531442258114970e+19
3.841342078040541594e+19
3.838719666093922714e+19
3.836251779375367782e+19
3.834089716546016870e+19
3.830894141492604109e+19
3.827413023471319450e+19
3.823423349859299328e+19
3.819369358542281114e+19
3.815657543090559386e+19
3.810931731681842790e+19
3.806836686040832410e+19
3.803058086475114906e+19
3.799463187606041395e+19
3.796097181654456730e+19
3.792644956849008640e+19
3.788467667476712653e+19
3.783455495420656026e+19
3.778390587528478720e+19
3.772488467281234330e+19
3.769024725179386266e+19
3.762745143845324390e+19
3.757804347877489869e+19
3.751098097353120973e+19
3.743727635283497779e+19
3.738767827349245133e+19
3.733390553192178483e+19
3.730011769910608691e+19
3.725163002243467674e+19
3.719780063719561626e+19
3.714706064494046413e+19
3.707955402707289702e+19
3.701195336437154611e+19
3.693203918903977574e+19
3.686474834562534605e+19
3.677696194055145472e+19
3.669808162893012992e+19
3.663389590037544550e+19
3.656836226969770394e+19
3.648635371139405824e+19
3.641633529901583974e+19
3.633585894854732186e+19
3.625266225259558502e+19
3.615576313374964531e+19
3.605636592337261363e+19
3.595281787395011379e+19
3.584646549074426675e+19
3.574582897253826970e+19
3.566161757654818406e+19
3.554985241625928090e+19
3.543604202750762189e+19
3.531519866535142195e+19
3.519243870987426611e+19
3.505962898782395187e+19
3.491432980418267955e+19
3.474964543258635469e+19
3.459985031461609882e+19
3.444574873154333082e+19
3.428222280119900979e+19
3.410635589121314406e+19
3.392723278356255949e+19
3.373444483281107354e+19
3.352940410491197440e+19
3.332075331160061133e+19
3.309272873184212173e+19
3.286056035545291162e+19
3.264592361061489050e+19
3.242240041748124058e+19
3.217524132721124557e+19
3.191972757566667162e+19
3.164965084001763328e+19
3.136875535140841882e+19
3.108669776154286490e+19
3.080494330444390400e+19
3.053256512503767040e+19
3.026298104032063898e+19
2.998260903194932429e+19
2.969474143933366682e+19
2.939989792241666458e+19
2.910025387176346010e+19
2.878919018799002829e+19
2.847803906117709005e+19
2.816426667207974912e+19
2.785373928279527834e+19
2.755033931735776461e+19
2.725855983177061581e+19
2.697678855029257011e+19
2.669349464767177114e+19
2.640955707074585805e+19
2.612202620151810458e+19
2.583348243373235814e+19
2.554255173758319821e+19
2.524616086260369818e+19
2.495041922356951040e+19
2.465708088279723622e+19
2.436495503125571584e+19
2.407742183484730982e+19
2.379633623475997491e+19
2.352351317302561587e+19
2.325645717897526477e+19
2.298960159182084915e+19
2.272819394843162624e+19
2.246688008203926323e+19
2.220744815005051290e+19
2.194842594912305152e+19
2.168967235407018803e+19
2.143022662808411341e+19
2.116859860472131584e+19
2.090678893408258867e+19
2.065322531679845171e+19
2.040181053937761894e+19
2.016364803582014669e+19
1.993153610613001830e+19
1.970406399257992806e+19
1.947082735609924403e+19
1.924156237951721882e+19
1.900992603021167411e+19
1.877962774123517952e+19
1.854775445107328205e+19
1.832073544047376998e+19
1.810161961486821171e+19
1.788447831789565952e+19
1.767333117239491789e+19
1.747009439048742502e+19
1.726699509905047962e+19
1.706401243957564006e+19
1.685784121939530957e+19
1.665073107788585779e+19
1.644362872081065779e+19
1.624309890602846413e+19
1.604383762114981069e+19
1.584804036668121498e+19
1.565932608382224589e+19
1.547516387601111245e+19
1.529215495782176973e+19
1.510944222730908262e+19
1.492466624509095936e+19
1.473740555296501965e+19
1.455120540381093274e+19
1.436813120194931098e+19
1.418952123206443008e+19
1.401506731440994918e+19
1.384424740106651648e+19
1.368718860136696218e+19
1.353085895588555571e+19
1.337206245686785843e+19
1.320950708816091750e+19
1.304961765231524250e+19
1.288970684778044006e+19
1.272734909214930944e+19
1.256665200813028352e+19
1.241131876127074099e+19
1.225738648426068582e+19
1.210926164565170176e+19
1.196382655317813453e+19
1.181854985632556851e+19
1.167669221898808525e+19
1.153216780483638067e+19
1.138913952352709837e+19
1.124699309656604058e+19
1.110787262688026419e+19
1.097256829752926413e+19
1.084085264305785037e+19
1.070947189299142861e+19
1.057725354382042317e+19
1.044483824944951296e+19
1.031373773787326259e+19
1.018495740755902669e+19
1.006147124504718746e+19
9.941028483649945600e+18
9.823800940100915200e+18
9.706281179332073472e+18
9.585410305490685952e+18
9.463401740114216960e+18
9.339594830998538240e+18
9.219320508896849920e+18
9.101095868778714112e+18
8.985982357371937792e+18
8.877748779802422272e+18
8.773505787395267584e+18
8.670293647506068480e+18
8.568911443342512128e+18
8.467182349909113856e+18
8.361376618667309056e+18
8.253076592312477696e+18
8.144329596924801024e+18
8.039900959731603456e+18
7.942813944475860992e+18
7.851121479266520064e+18
7.762340105747500032e+18
7.672720440715616256e+18
7.580012839984543744e+18
7.483543854238281728e+18
7.385442645233417216e+18
7.286688154534571008e+18
7.190931549746843648e+18
7.099894858508090368e+18
7.015034739385990144e+18
6.932950575982822400e+18
6.851493517626337280e+18
6.770800160389738496e+18
6.687488101971783680e+18
6.602675572015188992e+18
6.517377084954957824e+18
6.431784005976760320e+18
6.347624836430744576e+18
6.268041710634686464e+18
6.190241759153301504e+18
6.115301385384553472e+18
6.043968373262342144e+18
5.974136351410219008e+18
5.903760568995773440e+18
5.832113823663816704e+18
5.758807897860147200e+18
5.684865651778476032e+18
5.612353325111276544e+18
5.544316536749943808e+18
5.479111228740976640e+18
5.415381008975355904e+18
5.352040228854822912e+18
5.287461370645526528e+18
5.221500211548231680e+18
5.155530860042226688e+18
5.090618404720510976e+18
5.026152244973476864e+18
4.964203436894182400e+18
4.905717619340613632e+18
4.847189265517732864e+18
4.787955269591412736e+18
4.729075309265106944e+18
4.668694914297218048e+18
4.608772712462373888e+18
4.550083855976909312e+18
4.492883737323686400e+18
4.440011919536707584e+18
4.387524319937568768e+18
4.335427138518406144e+18
4.281839488908638720e+18
4.227418367032099840e+18
4.173599080307281408e+18
4.119929954765107712e+18
4.068734918263065088e+18
4.020171486348718080e+18
3.972571719858642944e+18
3.924859866468998144e+18
3.877298707135874560e+18
3.829033211652424192e+18
3.780948123820415488e+18
3.731900137899798016e+18
3.683907140057920000e+18
3.636940561450859520e+18
3.592234989934571008e+18
3.549343407481922560e+18
3.508051683992637952e+18
3.466767820884964352e+18
3.423904211115330048e+18
3.380376020607437312e+18
3.337194510013865472e+18
3.295007854072579584e+18
3.254936220425258496e+18
3.217118464074505728e+18
3.178917608199899136e+18
3.140427468378338304e+18
3.101705012246779392e+18
3.062306776421771776e+18
3.023849570978157056e+18
2.985405760294292992e+18
2.947885427457164800e+18
2.911657588102094336e+18
2.875289372632230400e+18
2.838803789607719936e+18
2.804239437566547456e+18
2.770453769006912000e+18
2.737015947023989248e+18
2.703686042474348544e+18
2.670474259460394496e+18
2.637237995224536576e+18
2.604264002290228736e+18
2.571297965872736256e+18
2.537979636824694784e+18
2.507443669127035392e+18
2.478039338369417728e+18
2.448488651613659648e+18
2.418608150483202560e+18
2.388904244215757824e+18
2.359116408548088320e+18
2.329541876290799104e+18
2.300384368043691776e+18
2.271155553057173504e+18
2.242342188178565376e+18
2.214781506521643520e+18
2.187911316018131200e+18
2.160817439283841792e+18
2.134258341848453120e+18
2.108407961098034688e+18
2.082900929528046592e+18
2.056779233949515008e+18
2.031602321138925824e+18
2.007095956811766272e+18
1.982633900376771328e+18
1.958652436584568320e+18
1.935051409763476992e+18
1.911949604764704256e+18
1.888960546909182464e+18
1.865263985176272128e+18
1.842339086069726464e+18
1.820145070158568960e+18
1.797175112508759296e+18
1.774734783473185280e+18
1.753312743001028352e+18
1.732013561870872832e+18
1.711038435927867904e+18
1.690165599395896576e+18
1.669400113025145344e+18
1.648902905373037824e+18
1.628418220741474048e+18
1.608372460668794624e+18
1.588891268979936512e+18
1.569211258014497536e+18
1.549585298376840960e+18
1.530622685555361536e+18
1.511755560244602112e+18
1.493904141621850368e+18
1.476144386189776896e+18
1.458278595086838784e+18
1.440338184778057728e+18
1.422343222344419328e+18
1.404309677980355584e+18
1.386518118024712960e+18
1.368819397664320768e+18
1.351898507715996416e+18
1.335628960666574848e+18
1.319346641572980224e+18
1.303309858384240640e+18
1.287402666646585344e+18
1.271312624398721024e+18
1.255457733895322112e+18
1.239812688694789120e+18
1.224250981643196672e+18
1.208879441227488512e+18
1.193533238082429696e+18
1.178315304057636352e+18
1.163772130436206592e+18
1.149678687118528384e+18
1.136057291660728064e+18
1.122445073795309056e+18
1.108678956417113728e+18
1.094833561599587712e+18
1.081138280727817344e+18
1.067741512828791424e+18
1.054455345124409856e+18
1.041514408221868544e+18
1.028505085542823168e+18
1.015610785813196288e+18
1.003019560166473088e+18
9.905962460124047360e+17
9.786359469547581440e+17
9.669083157514137600e+17
9.550021777528128000e+17
9.432201537314517760e+17
9.312819036842338560e+17
9.193665122000892160e+17
9.077301568648143360e+17
8.964203034113464320e+17
8.852809159487723520e+17
8.746745371076108800e+17
8.643138231550320640e+17
8.537573204854421760e+17
8.434236330114425600e+17
8.329020076088610560e+17
8.223789197478625280e+17
8.121753180106447360e+17
8.020643499490223360e+17
7.919350185279253760e+17
7.820112618798956800e+17
7.722068315934981120e+17
7.626819457003782400e+17
7.537959722754718720e+17
7.449544701232352000e+17
7.361092870485991680e+17
7.268575171562908160e+17
7.174553383691687680e+17
7.082161451274010880e+17
6.990969870704680960e+17
6.904553233497831680e+17
6.821170844374844160e+17
6.738304804377822720e+17
6.657606000422940160e+17
6.577743816047153920e+17
6.496118135693176320e+17
6.414575129180756480e+17
6.332584926681651200e+17
6.252213459705269760e+17
6.174612157292341760e+17
6.100391256993240320e+17
6.026472759941448960e+17
5.953329291481162240e+17
5.881803889373767680e+17
5.809152244952794880e+17
5.736461106519809920e+17
5.664911259170012800e+17
5.593057614984371200e+17
5.522247901131457280e+17
5.453307324869326720e+17
5.386394737956427520e+17
5.322775745204140160e+17
5.261383746575285760e+17
5.198925686378809600e+17
5.136281257673862400e+17
5.071967420523624960e+17
5.005669438146033280e+17
4.940200763837119360e+17
4.874907429474998400e+17
4.813642064054304640e+17
4.757145609157373440e+17
4.701187355718859520e+17
4.645316529186828800e+17
4.589162163538195840e+17
4.531095664195458560e+17
4.472669541360926720e+17
4.414175335451869440e+17
4.356171251432764160e+17
4.301556639743527040e+17
4.250328075664793600e+17
4.200709613590362240e+17
4.151376666876160640e+17
4.102406873943064320e+17
4.050722957280181120e+17
3.998539481112163840e+17
3.946650484558442240e+17
3.894767295873733120e+17
3.845400427569832320e+17
3.797247817428759680e+17
3.749473312449415680e+17
3.703138118013071360e+17
3.659323064253988480e+17
3.615881223913264640e+17
3.573162091012753920e+17
3.530511881810240000e+17
3.487191346715758080e+17
3.442743172915889280e+17
3.398766155706576000e+17
3.354703150308680320e+17
3.312275268509363840e+17
3.272086935960912640e+17
3.232331900677706240e+17
3.193316859560081280e+17
3.153878084626214400e+17
3.113567321013130880e+17
3.073297278989232000e+17
3.032554096526329600e+17
2.993512634547565440e+17
2.960198967217980800e+17
2.929541415117128960e+17
2.901391500155811200e+17
2.874338014540106880e+17
2.849118737633499200e+17
2.824360213790716160e+17
2.799064944391560960e+17
2.774549783495165120e+17
2.750407135335436800e+17
2.725939201378861440e+17
2.701505936712033600e+17
2.676932653952732160e+17
2.652236092417352320e+17
2.627505155060237760e+17
2.602759338384385280e+17
2.578016531516522240e+17
2.554854686336484800e+17
2.533805450351091840e+17
2.513617523342501120e+17
2.493842870891785600e+17
2.474290726717194240e+17
2.454760598389223040e+17
2.435230470061253760e+17
2.415700341733285440e+17
2.396170213405317120e+17
2.376640085077345600e+17
2.357109956749376960e+17
2.337579828421407680e+17
2.318049700093439360e+17
2.298519571765467840e+17
2.278989443437500160e+17
2.259459315109530880e+17
2.239929186781559360e+17
2.220399058453590720e+17
2.201043355354374720e+17
2.182727185132774720e+17
2.171206180174999360e+17
2.162126768066194560e+17
2.153206758062857920e+17
2.144286748059520960e+17
2.135366738056182720e+17
2.126446728052846400e+17
2.117526718049509440e+17
2.108606708046172160e+17
2.099686698042834240e+17
2.090766688039497280e+17
2.081846678036160960e+17
2.072926668032824320e+17
2.064006658029486080e+17
2.055086648026149120e+17
2.046166638022812160e+17
2.037246628019474240e+17
2.028326618016137600e+17
2.019406608012800320e+17
2.010486598009463360e+17
2.001566588006126080e+17
1.992646578002788800e+17
1.983726567999451520e+17
1.974806557996115200e+17
1.965886547992776960e+17
1.956966537989440320e+17
1.948046527986103360e+17
1.939126517982766400e+17
1.930206507979428480e+17
1.921286497976091840e+17
1.912366487972754240e+17
1.903446477969417920e+17
1.894526467966080000e+17
1.885606457962742720e+17
1.876686447959406400e+17
1.867766437956068480e+17
1.858846427952731200e+17
1.849926417949394560e+17
1.841006407946057920e+17
1.832086397942719680e+17
1.823166387939382720e+17
1.814246377936046080e+17
1.805326367932709440e+17
1.796406357929371200e+17
1.787486347926033920e+17
1.778566337922697600e+17
1.769646327919360640e+17
1.760726317916022400e+17
1.751806307912686080e+17
1.742886297909348800e+17
1.733966287906010560e+17
1.725046277902674240e+17
1.716126267899337280e+17
1.707206257896000320e+17
1.698286247892662400e+17
1.689366237889325440e+17
1.680446227885988800e+17
1.671526217882651840e+17
1.662606207879313600e+17
1.653686197875976640e+17
1.644766187872640000e+17
1.635846177869303040e+17
