1.182611084165713592e+20
1.193105235153382769e+20
1.199476551540367360e+20
1.202225728640923402e+20
1.203678911730167153e+20
1.205379347664612229e+20
1.206500494059682038e+20
1.207967196595818332e+20
1.209991293519469445e+20
1.213693365383477985e+20
1.219314715285178614e+20
1.225811278355892470e+20
1.233876315529417851e+20
1.243014984315703624e+20
1.252760203382477619e+20
1.265317048411278377e+20
1.277719281437956342e+20
1.287745127067128136e+20
1.298130736627023380e+20
1.306086889906957353e+20
1.310583149613399572e+20
1.312831547220637450e+20
1.313480755480979046e+20
1.313348093556115046e+20
1.313452615905256735e+20
1.313327654156623544e+20
1.313360825694348411e+20
1.314671517319909048e+20
1.317408906062266860e+20
1.320648537624076452e+20
1.325943062035794821e+20
1.332298764959202345e+20
1.339259583088392274e+20
1.347611588489219441e+20
1.358216011477623603e+20
1.367508982219154227e+20
1.377950227420706570e+20
1.386734339316736819e+20
1.394821241380052992e+20
1.399817509020575171e+20
1.402410598273584169e+20
1.404226432111712338e+20
1.403572360355159081e+20
1.402490426443277435e+20
1.400069271986194186e+20
1.398905515106536161e+20
1.398541374258027069e+20
1.400003948128527811e+20
1.402009892064967393e+20
1.405188706530906604e+20
1.409453132731511276e+20
1.415645757412211425e+20
1.424044817905771479e+20
1.431865310693874074e+20
1.442726381479974830e+20
1.451478660392859402e+20
1.459902958352073196e+20
1.466870760898753004e+20
1.471009478689976648e+20
1.472854322445496648e+20
1.474364674639321170e+20
1.472961342638870364e+20
1.470548709920884818e+20
1.468417285220226335e+20
1.466010472923882619e+20
1.464901761888043991e+20
1.465180325974550446e+20
1.466375505396962263e+20
1.468267819828559053e+20
1.472494434057882665e+20
1.477534925051919073e+20
1.482200079907040461e+20
1.490570368016727736e+20
1.500300144541324411e+20
1.510013360979288064e+20
1.520059607845421711e+20
1.526517667178842358e+20
1.529934574233463357e+20
1.530533030540332892e+20
1.529729698871103980e+20
1.527062295400038072e+20
1.523770106059620352e+20
1.521029802018831729e+20
1.518317137059400909e+20
1.516543706056437924e+20
1.515556617382678364e+20
1.516041806038929900e+20
1.518134907638755492e+20
1.521583472516175299e+20
1.525509656686560543e+20
1.529567606866339430e+20
1.536206122148767662e+20
1.544168766868155924e+20
1.553408891773699359e+20
1.560828919186992333e+20
1.568876894202647347e+20
1.573142236611410657e+20
1.574386280135032177e+20
1.573916003911457505e+20
1.570883397858267300e+20
1.566617419508705526e+20
1.562976921354315694e+20
1.559267728375957750e+20
1.556660574807376200e+20
1.555263738968640717e+20
1.555452318445685309e+20
1.556063646565462180e+20
1.556979831953923768e+20
1.560329281342432870e+20
1.565671553949604577e+20
1.571142792966453002e+20
1.579421901253969838e+20
1.587399718083494871e+20
1.595339768444437463e+20
1.601761999863782113e+20
1.605879159423142789e+20
1.607731347886685553e+20
1.606934796445221519e+20
1.605115395866368737e+20
1.601715675616563036e+20
1.598251279020992430e+20
1.595778262804807680e+20
1.593427287527702528e+20
1.592135759694211318e+20
1.591441988076877906e+20
1.592049753417619538e+20
1.593671649572984259e+20
1.597699836815511716e+20
1.602315055307667538e+20
1.609610495171176694e+20
1.616818758807243325e+20
1.626323817491472712e+20
1.632763062626489795e+20
1.637592654655602033e+20
1.640288062650246758e+20
1.638250064032177521e+20
1.635141444534277243e+20
1.631427615031989043e+20
1.626558493314499215e+20
1.621776024295072399e+20
1.617745311590196511e+20
1.614631696051638108e+20
1.612495509926061343e+20
1.611841840787240059e+20
1.611166891416779489e+20
1.611664753464285266e+20
1.613094226260842250e+20
1.616125772118586491e+20
1.621709333377100022e+20
1.629125119850604134e+20
1.637685323592773140e+20
1.646233757516729549e+20
1.651231974528232653e+20
1.653313018621999841e+20
1.651034603551901286e+20
1.649041452132807475e+20
1.644935815022450115e+20
1.641000231078958531e+20
1.637133697581266371e+20
1.633268433844653916e+20
1.630045820811561861e+20
1.626580838482768691e+20
1.622959419924845691e+20
1.620315951781988925e+20
1.620321266366407967e+20
1.621646554396800451e+20
1.626428136487953367e+20
1.631894008448255263e+20
1.638144040330675487e+20
1.646211596798096835e+20
1.653251633990260163e+20
1.658797753426659246e+20
1.661913626265820529e+20
1.661107995780454482e+20
1.660383259053839155e+20
1.656870613906567332e+20
1.652784020863585485e+20
1.647997649992792146e+20
1.643463469616929505e+20
1.638341907545952092e+20
1.634391207538606080e+20
1.632417585314236334e+20
1.631022165762031288e+20
1.631406585537533051e+20
1.633576772075219845e+20
1.636358957070359921e+20
1.639209526218801480e+20
1.644920868550796902e+20
1.651846659726294712e+20
1.658847624528529981e+20
1.664347557154563686e+20
1.668630412856926863e+20
1.670751782050969354e+20
1.670266343625378693e+20
1.668458244325237064e+20
1.663980895030800548e+20
1.658544118691035546e+20
1.654262813512170537e+20
1.651052916755066061e+20
1.649457990123613716e+20
1.648007033903621407e+20
1.648481939628920013e+20
1.650356786228537917e+20
1.652795605439123620e+20
1.655938079179404411e+20
1.661098019942386237e+20
1.666949890401972716e+20
1.672311785170872893e+20
1.678282576338542264e+20
1.682753142718601953e+20
1.685226094229907046e+20
1.684195820447920292e+20
1.679550817059968778e+20
1.674675894697710387e+20
1.668401542192134881e+20
1.661428190637706117e+20
1.655302910749654057e+20
1.649665485704701542e+20
1.644397431025059103e+20
1.640603503843428925e+20
1.637496004729081364e+20
1.636219920937265725e+20
1.636475688856058921e+20
1.637997854097281188e+20
1.640015635119337964e+20
1.645182414750186865e+20
1.652702644408268882e+20
1.659831809576640840e+20
1.665925685041675960e+20
1.670695560561246536e+20
1.672781654852325868e+20
1.672215330472150303e+20
1.668736471238400082e+20
1.664034257732314071e+20
1.659109110935410442e+20
1.654431949600156221e+20
1.649568176468129874e+20
1.645890929005144310e+20
1.642584581493898281e+20
1.640903012817091953e+20
1.640036686502036439e+20
1.640254025277492756e+20
1.641636679352772198e+20
1.646138990208131072e+20
1.649809287642693632e+20
1.657527488601129615e+20
1.665262273824135250e+20
1.669967878150253445e+20
1.674060510737953915e+20
1.675557388999832699e+20
1.673250634176327844e+20
1.668910147877623562e+20
1.663827824817504911e+20
1.658717868062064312e+20
1.653033963550611538e+20
1.648006602045295821e+20
1.643942041633599652e+20
1.639965030298753106e+20
1.637749832372335739e+20
1.637077788028320809e+20
1.636220104100945920e+20
1.638117447111768146e+20
1.641636593321733980e+20
1.646626662212504453e+20
1.652609981710163640e+20
1.659739135944449065e+20
1.666368313010983076e+20
1.670473778323901645e+20
1.672200345365027881e+20
1.670851242439621345e+20
1.665736438278885212e+20
1.660987403943580140e+20
1.656550282663840317e+20
1.651560365024311378e+20
1.646619944350988042e+20
1.641534428474282148e+20
1.638173973999589458e+20
1.636094513287647724e+20
1.634266019650295890e+20
1.634859046680304353e+20
1.636271123173114184e+20
1.639892544627134956e+20
1.643793521133742653e+20
1.650540021179469332e+20
1.658555172052249477e+20
1.665557056010652549e+20
1.669792268023724442e+20
1.670145826163924664e+20
1.668270944523569070e+20
1.663895143551614648e+20
1.658976031468835635e+20
1.654228349008640410e+20
1.650058394019781345e+20
1.646763550493745152e+20
1.644003110340604723e+20
1.642108271894706586e+20
1.640074632233884058e+20
1.640427390073834701e+20
1.641802574564454564e+20
1.645171335215209185e+20
1.651130291232916439e+20
1.656035930742442557e+20
1.662323830157057065e+20
1.667291883224748851e+20
1.671023223071237734e+20
1.669862657000433254e+20
1.667383409480716124e+20
1.662675251250563318e+20
1.656459052827014267e+20
1.648759511327953060e+20
1.640392740177802691e+20
1.632427491297932739e+20
1.625477476445855744e+20
1.618836572833647821e+20
1.613830035588567204e+20
1.610055162166854287e+20
1.607795775385566577e+20
1.606856108096910131e+20
1.606401845964221645e+20
1.607996954601593242e+20
1.610734454469254513e+20
1.616296641980869837e+20
1.621717494203218002e+20
1.628207995316844954e+20
1.633576105826558280e+20
1.636194353921083638e+20
1.635827487374855700e+20
1.632003545004581192e+20
1.626855057000461435e+20
1.620708008285435331e+20
1.614605676383891948e+20
1.608248163987065078e+20
1.602611669720722309e+20
1.597835414849928888e+20
1.594214972784512205e+20
1.591296982507945329e+20
1.589978934459881882e+20
1.590688726916159898e+20
1.594090858616434852e+20
1.596004613228832686e+20
1.601908983506656297e+20
1.607415955589789450e+20
1.612652059120011510e+20
1.617826706102986670e+20
1.619708681766839583e+20
1.619325397544303985e+20
1.616829486452813332e+20
1.611845998164768850e+20
1.605842298544032317e+20
1.598721621463086531e+20
1.592300228347069399e+20
1.587694660435410289e+20
1.584259946044998943e+20
1.580386915890032476e+20
1.577435809310755062e+20
1.576620370482002657e+20
1.576441246115579494e+20
1.577077948441143542e+20
1.579312690655302779e+20
1.583893480902834258e+20
1.590271308491078042e+20
1.595818484151770153e+20
1.598864315756102287e+20
1.600506849282056520e+20
1.598831204916800717e+20
1.593372965430873293e+20
1.586358518405423432e+20
1.578788453933409567e+20
1.571154617266928026e+20
1.563838959133287711e+20
1.556861487787016847e+20
1.551302787595186340e+20
1.545479875226867139e+20
1.541416543238393692e+20
1.538066659574193521e+20
1.535874664385896120e+20
1.536331839312785900e+20
1.536931219461529272e+20
1.540505939185143972e+20
1.545117231789588480e+20
1.549355563104863846e+20
1.555630309841897718e+20
1.556995902686344643e+20
1.554694058604845138e+20
1.550111072672287949e+20
1.542770977524173701e+20
1.534356830150539674e+20
1.525414398928673505e+20
1.515966207990785966e+20
1.506172410338542879e+20
1.496267259223365714e+20
1.486042730693077565e+20
1.476414094909207347e+20
1.467340677500113224e+20
1.458927937649243587e+20
1.451251855201880965e+20
1.443794694787296625e+20
1.437256267592336343e+20
1.432421380958932337e+20
1.427103487352208753e+20
1.421697495531527209e+20
1.414597702510212547e+20
1.405320872406779822e+20
1.395864846145236828e+20
1.384573693690035077e+20
1.372316900556555223e+20
1.359712731762678825e+20
1.346469638415031337e+20
1.333064396497711923e+20
1.319360143476373586e+20
1.305431911778002371e+20
1.291274131247935160e+20
1.276944109879417242e+20
1.262535427488369541e+20
1.247858908251830190e+20
1.232948459858646958e+20
1.217769122670101135e+20
1.203403091756933448e+20
1.190035319777831322e+20
1.176830442245108531e+20
1.163857560961276477e+20
1.149997650759622328e+20
1.136190090677371208e+20
1.122115357268609761e+20
1.107939914678386524e+20
1.094237317738917560e+20
1.081023663350639821e+20
1.068609129161148826e+20
1.056163774371700244e+20
1.043792948499123732e+20
1.031745460436884193e+20
1.019857450968058921e+20
1.008054398989115064e+20
9.960498833326125875e+19
9.834660970324854374e+19
9.711739460742524109e+19
9.591979784770541978e+19
9.476852580271231795e+19
9.364857092420060774e+19
9.252514383798000026e+19
9.145733203909548442e+19
9.037879375768900403e+19
8.926107837168291021e+19
8.813533932394317414e+19
8.699676797019666842e+19
8.591658811743680922e+19
8.486480017023400346e+19
8.379931508853563392e+19
8.280985665290857677e+19
8.184422567894607462e+19
8.090771166054064128e+19
7.999502891761244570e+19
7.900946946502867354e+19
7.800470387202842624e+19
7.700394454043018854e+19
7.605102561702266470e+19
7.518574617519644672e+19
7.433482549509768806e+19
7.346208454664980070e+19
7.257368489093673779e+19
7.165727493539115008e+19
7.074124053315652813e+19
6.987022513098793779e+19
6.902355687399501824e+19
6.824510773728977715e+19
6.747086766289057382e+19
6.666880090910830592e+19
6.584491970561403290e+19
6.498421129575089766e+19
6.413538613001809101e+19
6.332465090836059750e+19
6.252729865865931162e+19
6.179972464246158131e+19
6.111484500905467904e+19
6.041829877495400038e+19
5.970523894593549107e+19
5.897014770344598733e+19
5.818837969940865024e+19
5.742680559617833370e+19
5.668753724772808294e+19
5.598971746799811789e+19
5.535499266145818214e+19
5.472282653281261158e+19
5.409105758080309658e+19
5.343861642444819661e+19
5.275872014784362086e+19
5.209603163544181965e+19
5.142962170452819968e+19
5.078131498351546368e+19
5.019730644862926029e+19
4.961595605160603648e+19
4.904889549285293261e+19
4.845949342850043904e+19
4.785587377555135693e+19
4.726906221418468147e+19
4.667431360865329152e+19
4.608172541821372006e+19
4.551314752321771930e+19
4.493607535627291853e+19
4.435987788880550298e+19
4.380072720386701722e+19
4.326107217741784678e+19
4.273182508794888192e+19
4.221159552307547341e+19
4.169599883362055782e+19
4.121015333200877158e+19
4.075354064997478400e+19
4.029757968460680397e+19
3.982892298343713178e+19
3.932873047932673229e+19
3.882715149399024435e+19
3.832611026568139571e+19
3.783090919589252301e+19
3.736867080063222579e+19
3.690075958829922714e+19
3.645091863325208986e+19
3.600564244335679898e+19
3.556314972424471347e+19
3.513186989885161472e+19
3.470858947298729984e+19
3.427781087739758182e+19
3.384976099812644045e+19
3.343078118626704589e+19
3.303424221681364173e+19
3.265811428587719475e+19
3.229979075756343296e+19
3.193350468929617101e+19
3.153418976119837491e+19
3.113342836214018048e+19
3.072366388121328026e+19
3.031119469295064678e+19
2.991901833511779942e+19
2.954051580965274829e+19
2.917271688087855104e+19
2.882088996884742144e+19
2.849281166466333491e+19
2.816015499537939661e+19
2.782366765286421299e+19
2.748746068417162854e+19
2.714505734406003917e+19
2.681053881881298944e+19
2.648302912516998349e+19
2.616289241953860813e+19
2.586238991468282675e+19
2.557164580475653325e+19
2.527824159367827456e+19
2.497461961830248858e+19
2.466294768888000512e+19
2.433866102589505126e+19
2.402306122788014899e+19
2.371553103249451008e+19
2.341908613541822054e+19
2.313395365019937178e+19
2.285748341651551437e+19
2.258291700770738586e+19
2.230703026930323866e+19
2.203489555157217280e+19
2.176068278929172890e+19
2.148487726226715853e+19
2.122491163934159258e+19
2.097927169482778624e+19
2.074195776695036723e+19
2.050953187219144294e+19
2.027341335096516608e+19
2.002128314953628058e+19
1.976399509024731546e+19
1.950316785943194419e+19
1.924499990691768320e+19
1.898824052048420454e+19
1.875941401014621389e+19
1.854024576005418189e+19
1.831978832981602304e+19
1.810177832161490330e+19
1.788841146110252442e+19
1.766413091836597453e+19
1.744464583022764032e+19
1.722662035900659507e+19
1.700641991622350234e+19
1.679709674007757824e+19
1.659663142883024691e+19
1.639749834901632410e+19
1.620044079458296422e+19
1.600703727698879283e+19
1.581058757243700838e+19
1.561258412468866253e+19
1.541264630423963648e+19
1.521379990352074752e+19
1.502375384290877235e+19
1.483986954520380006e+19
1.466113443101300736e+19
1.448537167066579149e+19
1.431052789526239846e+19
1.413068840465683046e+19
1.395148499235791258e+19
1.377969506041441280e+19
1.360746895950776525e+19
1.344474641446390170e+19
1.328407743007931802e+19
1.312453726821324595e+19
1.296457014583769702e+19
1.280180620745763840e+19
1.263766596726672179e+19
1.247787665847766016e+19
1.232438002796213248e+19
1.217405632499381658e+19
1.203011333239767654e+19
1.188572000196359168e+19
1.173789531503784346e+19
1.159227013945132032e+19
1.144925087064977408e+19
1.130617921486766285e+19
1.117027611123118285e+19
1.103483412774751027e+19
1.089682422052166656e+19
1.075963225584704512e+19
1.062732386148623565e+19
1.049512692067210445e+19
1.036791264278996787e+19
1.024173283212554035e+19
1.011522035103011226e+19
9.990997614998671360e+18
9.869586947853322240e+18
9.750631575096430592e+18
9.632639780682229760e+18
9.516241289375870976e+18
9.397300536862763008e+18
9.278993910208774144e+18
9.160923035938926592e+18
9.042765733274025984e+18
8.931299723811523584e+18
8.820969391104549888e+18
8.711301417896976384e+18
8.606029919878996992e+18
8.508628669918579712e+18
8.410161991337199616e+18
8.311279636076992512e+18
8.211444824420756480e+18
8.109562865019168768e+18
8.005544680346439680e+18
7.903555531057246208e+18
7.805204631438101504e+18
7.708559558763897856e+18
7.614780415853910016e+18
7.523136530513771520e+18
7.430303174084173824e+18
7.336913329837384704e+18
7.243365874959254528e+18
7.152279678202924032e+18
7.061625473827968000e+18
6.971999793189110784e+18
6.888551989646505984e+18
6.807116154709645312e+18
6.724512232202777600e+18
6.644229381345784832e+18
6.563878991146195968e+18
6.482931933125448704e+18
6.403588843651505152e+18
6.326272206902574080e+18
6.248555756414954496e+18
6.171455487585761280e+18
6.093965174844515328e+18
6.016267972010298368e+18
5.941744822243997696e+18
5.867921792390934528e+18
5.795777225138516992e+18
5.724976751513774080e+18
5.654267510154557440e+18
5.582074443323414528e+18
5.512114198711372800e+18
5.444386829566775296e+18
5.377374727433939968e+18
5.314609469585307648e+18
5.252006065211607040e+18
5.188002693276691456e+18
5.123258900547690496e+18
5.057986181335274496e+18
4.992361947279187968e+18
4.927806339252790272e+18
4.868753997956899840e+18
4.811315968757846016e+18
4.756428376958667776e+18
4.699971022789101568e+18
4.642424332176957440e+18
4.585878435071716352e+18
4.527304905909824512e+18
4.469100029107993088e+18
4.412251617841850880e+18
4.356251328700457472e+18
4.301201957366937088e+18
4.249608461327507456e+18
4.199017078790552576e+18
4.148357861918053376e+18
4.099784737208453632e+18
4.049978205126258688e+18
3.999335005548018176e+18
3.948799589569153536e+18
3.898019303289585152e+18
3.848239270917687296e+18
3.799369188008091136e+18
3.752138239990374400e+18
3.706185553947856896e+18
3.662967777238487040e+18
3.619907091821459968e+18
3.576803121154743296e+18
3.532338756189693952e+18
3.486717610334895104e+18
3.441245032388206080e+18
3.396556648584456192e+18
3.352671327237527552e+18
3.311926203238972416e+18
3.272268733652493824e+18
3.232904186374883328e+18
3.193942804073787904e+18
3.153822569909156864e+18
3.113938539534776320e+18
3.075044149465069568e+18
3.036711414104544256e+18
2.999248631775493120e+18
2.962027656530174976e+18
2.925090012556986880e+18
2.888306498081495552e+18
2.852369426075868160e+18
2.818409756176507392e+18
2.784184816902884864e+18
2.750459437845718528e+18
2.716814095218649600e+18
2.682161497034701824e+18
2.647884798214560768e+18
2.614802706521105408e+18
2.582776771212443648e+18
2.551564505252272128e+18
2.519567756318214144e+18
2.487312131224333312e+18
2.454923257913556480e+18
2.424618896773651456e+18
2.395935052169817600e+18
2.367907825701894144e+18
2.340630652528660480e+18
2.312161491160094208e+18
2.282950778708263424e+18
2.253994321996308480e+18
2.224414119168868864e+18
2.195791290475028224e+18
2.167496453287547136e+18
2.139480944520561664e+18
2.112893453462421760e+18
2.087750087728367872e+18
2.062987509630580736e+18
2.038619202553301504e+18
2.014230402699115520e+18
1.989330454840508672e+18
1.964236627852829184e+18
1.938446211552438528e+18
1.913202148693778176e+18
1.889130316759545600e+18
1.865922390520135424e+18
1.843921264647959296e+18
1.821611083375350528e+18
1.799652330473025280e+18
1.777518042529036032e+18
1.755795778491072000e+18
1.734005867234162176e+18
1.712693517979668992e+18
1.691341788526395904e+18
1.669712355461851904e+18
1.648734775933321216e+18
1.628305115754230272e+18
1.608109556512015872e+18
1.588301743269702912e+18
1.568223874897928448e+18
1.548655332593726976e+18
1.529235845954059264e+18
1.510278291068220672e+18
1.492282366873328128e+18
1.474230878777371136e+18
1.456197345639518464e+18
1.438048781686317312e+18
1.419771438732068864e+18
1.401608487785474304e+18
1.384138928746848000e+18
1.367479266724604160e+18
1.351198216195492096e+18
1.334568077558878208e+18
1.317563856350370816e+18
1.300575946541901312e+18
1.284352917877487872e+18
1.269030741139667200e+18
1.253567098248472064e+18
1.237698389434883840e+18
1.221640634258070272e+18
1.206370401910263040e+18
1.191754394214974720e+18
1.177866669079278848e+18
1.163693734446601728e+18
1.148926734781641088e+18
1.134335197396838656e+18
1.120216590185194880e+18
1.106540416509790592e+18
1.093068626448867840e+18
1.079509734002246912e+18
1.066042791838629376e+18
1.052682974676356864e+18
1.039461620811337344e+18
1.026486433153366144e+18
1.013679811599321088e+18
1.000858848459367552e+18
9.885910306546723840e+17
9.766716851736921600e+17
9.647789431764634880e+17
9.530166701143157760e+17
9.409372287413648640e+17
9.291046843151449600e+17
9.172565790098695680e+17
9.061396679685523200e+17
8.955248418826196480e+17
8.848821913620640000e+17
8.743571795779608320e+17
8.633336200315848960e+17
8.524237319871664640e+17
8.415268002785267200e+17
8.309300395935850240e+17
8.207929353015265280e+17
8.107978258885867520e+17
8.007467219576906240e+17
7.905354023447174400e+17
7.803810324751747840e+17
7.703831214964207360e+17
7.608292780312682240e+17
7.512457937807112960e+17
7.417577840987156480e+17
7.324288209080981760e+17
7.236336894734371840e+17
7.151388943478599680e+17
7.066504438227773440e+17
6.978415304449917440e+17
6.889580431955964160e+17
6.802830665897795840e+17
6.720908692642563840e+17
6.638335793134178560e+17
6.557430857644567040e+17
6.476003346649969920e+17
6.394542439624755200e+17
6.313378396130757120e+17
6.231898686313985280e+17
6.155486513498402560e+17
6.081611939156051200e+17
6.010184815963073280e+17
5.935583252164564480e+17
5.858314932432529920e+17
5.780972639512855040e+17
5.708764409383615360e+17
5.642215942391274240e+17
5.575725058782219520e+17
5.505893857233361920e+17
5.433925618726530560e+17
5.365309714322284160e+17
5.301200524507125760e+17
5.236102286983950720e+17
5.170457812041367040e+17
5.102387498474510720e+17
5.041204690091852160e+17
4.981024975797911680e+17
4.921886968553754880e+17
4.858380363101261440e+17
4.795131422535486080e+17
4.734416756493873280e+17
4.677473403955627520e+17
4.621596571648583680e+17
4.566385071977570560e+17
4.509455917396560640e+17
4.452798670137128960e+17
4.395704017901188480e+17
4.340829385725068160e+17
4.286083187622369280e+17
4.232871938189409920e+17
4.179854902297234560e+17
4.128113989699682560e+17
4.077885395895296640e+17
4.028161901205922560e+17
3.978420354930579200e+17
3.929557644319252480e+17
3.879827867386499840e+17
3.831232269427838080e+17
3.783450458362156160e+17
3.737117195118693120e+17
3.690350958096739200e+17
3.643591492333975040e+17
3.597464923065268480e+17
3.552494574058609280e+17
3.509846654301149440e+17
3.468262385479621120e+17
3.426574498734335360e+17
3.384063672348461440e+17
3.340337963146742400e+17
3.297519792952315520e+17
3.255971144293000960e+17
3.215876534203029120e+17
3.176888028691837440e+17
3.139864146944315520e+17
3.103411371558654720e+17
3.064787482319728640e+17
3.025056012647110400e+17
2.985327687376303360e+17
2.947660042558056320e+17
2.911888862976009600e+17
2.876272611467102080e+17
2.839645646384620800e+17
2.803619014797898560e+17
2.771565908071973120e+17
2.749216473812953280e+17
2.727985089029297600e+17
2.708352416877748480e+17
2.688451157525129920e+17
2.667675762865187520e+17
2.646765772003075840e+17
2.625406847613890880e+17
2.603869679512178560e+17
2.582259071288543360e+17
2.560662079073802240e+17
2.539080436751594560e+17
2.517690551077482880e+17
2.496836180290884480e+17
2.477196943363571840e+17
2.457891571356646080e+17
2.438714663819304640e+17
2.419537756281965120e+17
2.400360848744625920e+17
2.381183941207286720e+17
2.362007033669944960e+17
2.342830126132605440e+17
2.323653218595265920e+17
2.304476311057926720e+17
2.285299403520584640e+17
2.266122495983245440e+17
2.246945588445905920e+17
2.227768680908564480e+17
2.208608819648275520e+17
2.189538941311653760e+17
2.171254766354783360e+17
2.155833803794577280e+17
2.146912908139257280e+17
2.138313015468418880e+17
2.129713122797579200e+17
2.121113230126739520e+17
2.112513337455900480e+17
2.103913444785061760e+17
2.095313552114222720e+17
2.086713659443382400e+17
2.078113766772543680e+17
2.069513874101704640e+17
2.060913981430865920e+17
2.052314088760025920e+17
2.043714196089187200e+17
2.035114303418348160e+17
2.026514410747507520e+17
2.017914518076668800e+17
2.009314625405830080e+17
2.000714732734990720e+17
1.992114840064150720e+17
1.983514947393311680e+17
1.974915054722472640e+17
1.966315162051634240e+17
1.957715269380793600e+17
1.949115376709954560e+17
1.940515484039116160e+17
1.931915591368276800e+17
1.923315698697436800e+17
1.914715806026598080e+17
1.906115913355759040e+17
1.897516020684920320e+17
1.888916128014080000e+17
1.880316235343240960e+17
1.871716342672402240e+17
1.863116450001562240e+17
1.854516557330723200e+17
1.845916664659883840e+17
1.837316771989045440e+17
1.828716879318205120e+17
1.820116986647366400e+17
1.811517093976527360e+17
1.802917201305688320e+17
1.794317308634848320e+17
1.785717415964008960e+17
1.777117523293170240e+17
1.768517630622331200e+17
1.759917737951491840e+17
1.751317845280652480e+17
1.742717952609813440e+17
1.734118059938973760e+17
1.725518167268134720e+17
1.716918274597296000e+17
1.708318381926456640e+17
1.699718489255616640e+17
1.691118596584777280e+17
1.682518703913938880e+17
1.673918811243099840e+17
1.665318918572259840e+17
1.656719025901420800e+17
1.648119133230581440e+17
1.639519240559742720e+17
