-4.643974814696499642e+00 -4.861122055648125162e+00 -5.078269296599751570e+00 -5.295416537551377090e+00 -5.512563778503003498e+00 -5.729711019454629017e+00 -5.946858260406254537e+00 -6.164005501357880945e+00 -6.381152742309506465e+00 -6.598299983261132873e+00 -6.815447224212758393e+00 -7.032594465164384800e+00 -7.249741706116010320e+00 -7.466888947067636728e+00 -7.684036188019262248e+00 -7.901183428970887768e+00 -8.118330669922514176e+00
-4.342944819032518389e+00 -4.560092059984143908e+00 -4.777239300935770316e+00 -4.994386541887395836e+00 -5.211533782839022244e+00 -5.428681023790647764e+00 -5.645828264742273284e+00 -5.862975505693899692e+00 -6.080122746645525211e+00 -6.297269987597151619e+00 -6.514417228548777139e+00 -6.731564469500403547e+00 -6.948711710452029067e+00 -7.165858951403655475e+00 -7.383006192355280994e+00 -7.600153433306906514e+00 -7.817300674258532922e+00
-4.166853559976837040e+00 -4.384000800928462560e+00 -4.601148041880088968e+00 -4.818295282831714488e+00 -5.035442523783340896e+00 -5.252589764734966415e+00 -5.469737005686592823e+00 -5.686884246638218343e+00 -5.904031487589844751e+00 -6.121178728541470271e+00 -6.338325969493095791e+00 -6.555473210444722199e+00 -6.772620451396347718e+00 -6.989767692347974126e+00 -7.206914933299599646e+00 -7.424062174251226054e+00 -7.641209415202851574e+00
-4.041914823368537135e+00 -4.259062064320162655e+00 -4.476209305271789063e+00 -4.693356546223414583e+00 -4.910503787175040991e+00 -5.127651028126666510e+00 -5.344798269078292918e+00 -5.561945510029918438e+00 -5.779092750981543958e+00 -5.996239991933170366e+00 -6.213387232884795885e+00 -6.430534473836422293e+00 -6.647681714788047813e+00 -6.864828955739674221e+00 -7.081976196691299741e+00 -7.299123437642926149e+00 -7.516270678594551669e+00
-3.945004810360480452e+00 -4.162152051312106416e+00 -4.379299292263732823e+00 -4.596446533215358343e+00 -4.813593774166983863e+00 -5.030741015118610271e+00 -5.247888256070235791e+00 -5.465035497021862199e+00 -5.682182737973487718e+00 -5.899329978925114126e+00 -6.116477219876739646e+00 -6.333624460828366054e+00 -6.550771701779991574e+00 -6.767918942731617094e+00 -6.985066183683243501e+00 -7.202213424634869021e+00 -7.419360665586495429e+00
-3.865823564312855787e+00 -4.082970805264481307e+00 -4.300118046216107714e+00 -4.517265287167733234e+00 -4.734412528119359642e+00 -4.951559769070985162e+00 -5.168707010022611570e+00 -5.385854250974237090e+00 -5.603001491925863498e+00 -5.820148732877489017e+00 -6.037295973829114537e+00 -6.254443214780740945e+00 -6.471590455732366465e+00 -6.688737696683992873e+00 -6.905884937635618392e+00 -7.123032178587244800e+00 -7.340179419538870320e+00
-3.798876774682242718e+00 -4.016024015633868238e+00 -4.233171256585494646e+00 -4.450318497537120166e+00 -4.667465738488746574e+00 -4.884612979440372094e+00 -5.101760220391997613e+00 -5.318907461343624021e+00 -5.536054702295249541e+00 -5.753201943246875949e+00 -5.970349184198501469e+00 -6.187496425150127877e+00 -6.404643666101753396e+00 -6.621790907053379804e+00 -6.838938148005005324e+00 -7.056085388956630844e+00 -7.273232629908257252e+00
-3.740884827704555882e+00 -3.958032068656181846e+00 -4.175179309607807809e+00 -4.392326550559433329e+00 -4.609473791511059737e+00 -4.826621032462685257e+00 -5.043768273414311665e+00 -5.260915514365937184e+00 -5.478062755317563592e+00 -5.695209996269189112e+00 -5.912357237220814632e+00 -6.129504478172441040e+00 -6.346651719124066560e+00 -6.563798960075692968e+00 -6.780946201027318487e+00 -6.998093441978944895e+00 -7.215240682930570415e+00
-3.689732305257174438e+00 -3.906879546208800402e+00 -4.124026787160426366e+00 -4.341174028112052774e+00 -4.558321269063678294e+00 -4.775468510015303814e+00 -4.992615750966930221e+00 -5.209762991918555741e+00 -5.426910232870182149e+00 -5.644057473821807669e+00 -5.861204714773434077e+00 -6.078351955725059597e+00 -6.295499196676686005e+00 -6.512646437628311524e+00 -6.729793678579937044e+00 -6.946940919531563452e+00 -7.164088160483188972e+00
-3.643974814696499642e+00 -3.861122055648125162e+00 -4.078269296599751570e+00 -4.295416537551377090e+00 -4.512563778503002609e+00 -4.729711019454629017e+00 -4.946858260406254537e+00 -5.164005501357880945e+00 -5.381152742309506465e+00 -5.598299983261132873e+00 -5.815447224212758393e+00 -6.032594465164384800e+00 -6.249741706116010320e+00 -6.466888947067636728e+00 -6.684036188019262248e+00 -6.901183428970887768e+00 -7.118330669922514176e+00
