1.046948994679828502e+02 1.046948994679846834e+02 1.046948994679844276e+02 1.046948994679851239e+02 1.046948994679833476e+02 1.046948994679846123e+02 1.046948994679842571e+02 1.046948994679830776e+02 1.046948994679845271e+02 1.046948994679866871e+02 1.046948994679869145e+02 1.046948994679855360e+02 1.046948994679771090e+02 1.046948994679889466e+02 1.046948994679882503e+02 1.046948994679881366e+02 1.046948994679855787e+02
1.046948994679868434e+02 1.046948994679815428e+02 1.046948994679921157e+02 1.046948994679897851e+02 1.046948994679827933e+02 1.046948994679826512e+02 1.046948994679826086e+02 1.046948994679815002e+02 1.046948994679826654e+02 1.046948994679866871e+02 1.046948994679894440e+02 1.046948994679844418e+02 1.046948994679857350e+02 1.046948994679850102e+02 1.046948994679923288e+02 1.046948994679843707e+02 1.046948994679813296e+02
1.046948994679801643e+02 1.046948994679859766e+02 1.046948994679824096e+02 1.046948994679841434e+02 1.046948994679837313e+02 1.046948994679842002e+02 1.046948994679874261e+02 1.046948994679847260e+02 1.046948994679859766e+02 1.046948994679858771e+02 1.046948994679834328e+02 1.046948994679846408e+02 1.046948994679814149e+02 1.046948994679792833e+02 1.046948994679817133e+02 1.046948994679831202e+02 1.046948994679825233e+02
1.046948994679882361e+02 1.046948994679860760e+02 1.046948994679921157e+02 1.046948994679897851e+02 1.046948994679812444e+02 1.046948994679803349e+02 1.046948994679856213e+02 1.046948994679811022e+02 1.046948994679893161e+02 1.046948994679857208e+02 1.046948994679894440e+02 1.046948994679883782e+02 1.046948994679826370e+02 1.046948994679760290e+02 1.046948994679864882e+02 1.046948994679809744e+02 1.046948994679813296e+02
1.046948994679832197e+02 1.046948994679818981e+02 1.046948994679886766e+02 1.046948994679833902e+02 1.046948994679845697e+02 1.046948994679891030e+02 1.046948994679854792e+02 1.046948994679858629e+02 1.046948994679902682e+02 1.046948994679851950e+02 1.046948994679807186e+02 1.046948994679804485e+02 1.046948994679891456e+02 1.046948994679851239e+02 1.046948994679829781e+02 1.046948994679860760e+02 1.046948994679858913e+02
1.046948994679814717e+02 1.046948994679792264e+02 1.046948994679865166e+02 1.046948994679781464e+02 1.046948994679837313e+02 1.046948994679840439e+02 1.046948994679885772e+02 1.046948994679796385e+02 1.046948994679899982e+02 1.046948994679942473e+02 1.046948994679882645e+02 1.046948994679869003e+02 1.046948994679861613e+02 1.046948994679900267e+02 1.046948994679817133e+02 1.046948994679831202e+02 1.046948994679892593e+02
1.046948994679854792e+02 1.046948994679842002e+02 1.046948994679822817e+02 1.046948994679821965e+02 1.046948994679799938e+02 1.046948994679893445e+02 1.046948994679872271e+02 1.046948994679834470e+02 1.046948994679882219e+02 1.046948994679880087e+02 1.046948994679859766e+02 1.046948994679775211e+02 1.046948994679941336e+02 1.046948994679894440e+02 1.046948994679859197e+02 1.046948994679817275e+02 1.046948994679835323e+02
1.046948994679884635e+02 1.046948994679811165e+02 1.046948994679848397e+02 1.046948994679878666e+02 1.046948994679859624e+02 1.046948994679883072e+02 1.046948994679817702e+02 1.046948994679851950e+02 1.046948994679857208e+02 1.046948994679857208e+02 1.046948994679788569e+02 1.046948994679840439e+02 1.046948994679878666e+02 1.046948994679760290e+02 1.046948994679828502e+02 1.046948994679869003e+02 1.046948994679876677e+02
1.046948994679857066e+02 1.046948994679799938e+02 1.046948994679859197e+02 1.046948994679897140e+02 1.046948994679850387e+02 1.046948994679868008e+02 1.046948994679876392e+02 1.046948994679860192e+02 1.046948994679810454e+02 1.046948994679881935e+02 1.046948994679857634e+02 1.046948994679887903e+02 1.046948994679910641e+02 1.046948994679838876e+02 1.046948994679897709e+02 1.046948994679827081e+02 1.046948994679876819e+02
1.046948994679788569e+02 1.046948994679839444e+02 1.046948994679886198e+02 1.046948994679815428e+02 1.046948994679845697e+02 1.046948994679891030e+02 1.046948994679858203e+02 1.046948994679811165e+02 1.046948994679880656e+02 1.046948994679869429e+02 1.046948994679786153e+02 1.046948994679898703e+02 1.046948994679891456e+02 1.046948994679791554e+02 1.046948994679821965e+02 1.046948994679855502e+02 1.046948994679869429e+02
