1.668091587364129396e+02 1.668091587364173449e+02 1.668091587364163217e+02 1.668091587364199597e+02 1.668091587364157533e+02 1.668091587364211534e+02 1.668091587364170323e+02 1.668091587364181692e+02 1.668091587364141901e+02 1.668091587364151849e+02 1.668091587364163217e+02 1.668091587364171744e+02 1.668091587364187944e+02 1.668091587364171460e+02 1.668091587364175155e+02 1.668091587364223187e+02 1.668091587364162081e+02
1.668091587364201587e+02 1.668091587364153554e+02 1.668091587364204429e+02 1.668091587364174302e+02 1.668091587364186239e+02 1.668091587364189365e+02 1.668091587364116037e+02 1.668091587364195050e+02 1.668091587364173165e+02 1.668091587364152417e+02 1.668091587364162365e+02 1.668091587364189365e+02 1.668091587364130248e+02 1.668091587364171460e+02 1.668091587364155828e+02 1.668091587364223187e+02 1.668091587364243935e+02
1.668091587364203576e+02 1.668091587364147870e+02 1.668091587364171460e+02 1.668091587364192208e+02 1.668091587364175723e+02 1.668091587364157249e+02 1.668091587364189650e+02 1.668091587364190218e+02 1.668091587364172881e+02 1.668091587364188513e+02 1.668091587364152986e+02 1.668091587364186523e+02 1.668091587364131669e+02 1.668091587364198460e+02 1.668091587364165775e+02 1.668091587364137354e+02 1.668091587364185386e+02
1.668091587364201587e+02 1.668091587364178565e+02 1.668091587364204429e+02 1.668091587364163217e+02 1.668091587364182828e+02 1.668091587364190218e+02 1.668091587364189934e+02 1.668091587364185386e+02 1.668091587364173165e+02 1.668091587364192208e+02 1.668091587364160659e+02 1.668091587364189365e+02 1.668091587364189650e+02 1.668091587364173733e+02 1.668091587364166060e+02 1.668091587364185102e+02 1.668091587364199313e+02
1.668091587364214092e+02 1.668091587364170607e+02 1.668091587364168618e+02 1.668091587364176007e+02 1.668091587364191639e+02 1.668091587364179418e+02 1.668091587364194766e+02 1.668091587364197608e+02 1.668091587364104385e+02 1.668091587364218640e+02 1.668091587364177997e+02 1.668091587364171176e+02 1.668091587364138206e+02 1.668091587364163786e+02 1.668091587364184818e+02 1.668091587364157533e+02 1.668091587364195902e+02
1.668091587364203576e+02 1.668091587364195618e+02 1.668091587364171460e+02 1.668091587364176576e+02 1.668091587364143606e+02 1.668091587364190218e+02 1.668091587364183397e+02 1.668091587364184250e+02 1.668091587364149859e+02 1.668091587364209261e+02 1.668091587364186523e+02 1.668091587364189365e+02 1.668091587364158670e+02 1.668091587364220061e+02 1.668091587364253598e+02 1.668091587364132806e+02 1.668091587364193344e+02
1.668091587364164354e+02 1.668091587364174302e+02 1.668091587364173733e+02 1.668091587364167196e+02 1.668091587364146733e+02 1.668091587364160659e+02 1.668091587364177997e+02 1.668091587364204713e+02 1.668091587364181123e+02 1.668091587364209829e+02 1.668091587364179418e+02 1.668091587364159238e+02 1.668091587364187944e+02 1.668091587364166344e+02 1.668091587364222050e+02 1.668091587364187376e+02 1.668091587364201871e+02
1.668091587364154691e+02 1.668091587364158386e+02 1.668091587364168618e+02 1.668091587364175439e+02 1.668091587364162933e+02 1.668091587364153554e+02 1.668091587364169186e+02 1.668091587364163217e+02 1.668091587364235977e+02 1.668091587364191071e+02 1.668091587364160659e+02 1.668091587364168618e+02 1.668091587364144459e+02 1.668091587364188229e+02 1.668091587364153838e+02 1.668091587364195334e+02 1.668091587364199313e+02
1.668091587364200166e+02 1.668091587364230293e+02 1.668091587364149575e+02 1.668091587364137922e+02 1.668091587364186523e+02 1.668091587364144459e+02 1.668091587364173449e+02 1.668091587364198745e+02 1.668091587364170039e+02 1.668091587364183113e+02 1.668091587364182828e+02 1.668091587364206418e+02 1.668091587364152133e+02 1.668091587364216366e+02 1.668091587364176007e+02 1.668091587364194766e+02 1.668091587364224324e+02
1.668091587364214092e+02 1.668091587364183113e+02 1.668091587364188513e+02 1.668091587364149575e+02 1.668091587364160375e+02 1.668091587364199313e+02 1.668091587364158386e+02 1.668091587364197608e+02 1.668091587364179418e+02 1.668091587364165207e+02 1.668091587364184818e+02 1.668091587364191355e+02 1.668091587364167196e+02 1.668091587364178281e+02 1.668091587364155259e+02 1.668091587364199313e+02 1.668091587364167765e+02
