-7.215446201733903386e+00 -7.432593442685528906e+00 -7.649740683637155314e+00 -7.866887924588780834e+00 -8.084035165540406354e+00 -8.301182406492033650e+00 -8.518329647443659169e+00 -8.735476888395284689e+00 -8.952624129346910209e+00 -9.169771370298535729e+00 -9.386918611250163025e+00 -9.604065852201788545e+00 -9.821213093153414064e+00 -1.003836033410503958e+01 -1.025550757505666688e+01 -1.047265481600829240e+01 -1.068980205695991792e+01
-6.914416206069922133e+00 -7.131563447021547653e+00 -7.348710687973174061e+00 -7.565857928924799580e+00 -7.783005169876425988e+00 -8.000152410828052396e+00 -8.217299651779677916e+00 -8.434446892731303436e+00 -8.651594133682928955e+00 -8.868741374634554475e+00 -9.085888615586181771e+00 -9.303035856537807291e+00 -9.520183097489432811e+00 -9.737330338441058331e+00 -9.954477579392685627e+00 -1.017162482034431115e+01 -1.038877206129593667e+01
-6.738324947014240784e+00 -6.955472187965867192e+00 -7.172619428917492712e+00 -7.389766669869118232e+00 -7.606913910820744640e+00 -7.824061151772370160e+00 -8.041208392723996567e+00 -8.258355633675622087e+00 -8.475502874627247607e+00 -8.692650115578874903e+00 -8.909797356530500423e+00 -9.126944597482125943e+00 -9.344091838433751462e+00 -9.561239079385376982e+00 -9.778386320337004278e+00 -9.995533561288629798e+00 -1.021268080224025532e+01
-6.613386210405940879e+00 -6.830533451357567287e+00 -7.047680692309192807e+00 -7.264827933260818327e+00 -7.481975174212444735e+00 -7.699122415164070254e+00 -7.916269656115696662e+00 -8.133416897067322182e+00 -8.350564138018947702e+00 -8.567711378970574998e+00 -8.784858619922200518e+00 -9.002005860873826038e+00 -9.219153101825451557e+00 -9.436300342777077077e+00 -9.653447583728704373e+00 -9.870594824680329893e+00 -1.008774206563195541e+01
-6.516476197397884640e+00 -6.733623438349510160e+00 -6.950770679301136568e+00 -7.167917920252762087e+00 -7.385065161204388495e+00 -7.602212402156014015e+00 -7.819359643107639535e+00 -8.036506884059265943e+00 -8.253654125010891462e+00 -8.470801365962516982e+00 -8.687948606914144278e+00 -8.905095847865769798e+00 -9.122243088817395318e+00 -9.339390329769020838e+00 -9.556537570720648134e+00 -9.773684811672273653e+00 -9.990832052623899173e+00
-6.437294951350259531e+00 -6.654442192301885939e+00 -6.871589433253511459e+00 -7.088736674205137867e+00 -7.305883915156763386e+00 -7.523031156108388906e+00 -7.740178397060015314e+00 -7.957325638011640834e+00 -8.174472878963266353e+00 -8.391620119914893650e+00 -8.608767360866519169e+00 -8.825914601818144689e+00 -9.043061842769770209e+00 -9.260209083721395729e+00 -9.477356324673023025e+00 -9.694503565624648544e+00 -9.911650806576274064e+00
-6.370348161719646463e+00 -6.587495402671271982e+00 -6.804642643622898390e+00 -7.021789884574523910e+00 -7.238937125526150318e+00 -7.456084366477775838e+00 -7.673231607429402246e+00 -7.890378848381027765e+00 -8.107526089332653285e+00 -8.324673330284278805e+00 -8.541820571235906101e+00 -8.758967812187531621e+00 -8.976115053139157141e+00 -9.193262294090782660e+00 -9.410409535042409956e+00 -9.627556775994035476e+00 -9.844704016945660996e+00
-6.312356214741959626e+00 -6.529503455693586034e+00 -6.746650696645211553e+00 -6.963797937596837073e+00 -7.180945178548463481e+00 -7.398092419500089001e+00 -7.615239660451715409e+00 -7.832386901403340929e+00 -8.049534142354966448e+00 -8.266681383306593744e+00 -8.483828624258219264e+00 -8.700975865209844784e+00 -8.918123106161470304e+00 -9.135270347113095823e+00 -9.352417588064723120e+00 -9.569564829016348639e+00 -9.786712069967974159e+00
-6.261203692294578182e+00 -6.478350933246204590e+00 -6.695498174197830110e+00 -6.912645415149456518e+00 -7.129792656101082038e+00 -7.346939897052707558e+00 -7.564087138004333966e+00 -7.781234378955959485e+00 -7.998381619907585893e+00 -8.215528860859212301e+00 -8.432676101810837821e+00 -8.649823342762463341e+00 -8.866970583714088860e+00 -9.084117824665716157e+00 -9.301265065617341676e+00 -9.518412306568967196e+00 -9.735559547520592716e+00
-6.215446201733903386e+00 -6.432593442685528906e+00 -6.649740683637155314e+00 -6.866887924588780834e+00 -7.084035165540407242e+00 -7.301182406492032761e+00 -7.518329647443659169e+00 -7.735476888395284689e+00 -7.952624129346910209e+00 -8.169771370298535729e+00 -8.386918611250163025e+00 -8.604065852201788545e+00 -8.821213093153414064e+00 -9.038360334105039584e+00 -9.255507575056666880e+00 -9.472654816008292400e+00 -9.689802056959917920e+00
